idx,avg_core_id,avg_weight_ns,max_core_id,running_fraction,samples_per_bucket,sentinel_count,total_weight_ns,unique_process_count,unique_thread_count
0,7.0,1000000.0,7.0,1.0,201.0,0.0,201000000.0,1.0,1.0
1,7.0,1000000.0,7.0,1.0,200.0,0.0,200000000.0,1.0,1.0
2,10.969696969696969,1000000.0,11.0,1.0,198.0,0.0,198000000.0,1.0,1.0
3,11.0,1000000.0,11.0,1.0,200.0,0.0,200000000.0,1.0,1.0
4,11.0,1000000.0,11.0,1.0,200.0,0.0,200000000.0,1.0,1.0
5,10.99004975124378,1000000.0,11.0,1.0,201.0,0.0,201000000.0,1.0,2.0
6,11.0,1000000.0,11.0,1.0,200.0,0.0,200000000.0,1.0,1.0
7,11.0,1000000.0,11.0,1.0,200.0,0.0,200000000.0,1.0,1.0
8,11.0,1000000.0,11.0,1.0,200.0,0.0,200000000.0,1.0,1.0
9,11.0,1000000.0,11.0,1.0,200.0,0.0,200000000.0,1.0,1.0
10,11.0,1000000.0,11.0,1.0,200.0,0.0,200000000.0,1.0,1.0
11,11.0,1000000.0,11.0,1.0,200.0,0.0,200000000.0,1.0,1.0
12,9.335,1000000.0,11.0,1.0,200.0,0.0,200000000.0,1.0,1.0
13,8.0,1000000.0,8.0,1.0,200.0,0.0,200000000.0,1.0,1.0
14,8.0,1000000.0,8.0,1.0,200.0,0.0,200000000.0,1.0,1.0
15,8.0,1000000.0,8.0,1.0,200.0,0.0,200000000.0,1.0,1.0
16,8.0,1000000.0,8.0,1.0,200.0,0.0,200000000.0,1.0,1.0
17,8.0,1000000.0,8.0,1.0,200.0,0.0,200000000.0,1.0,1.0
18,8.0,1000000.0,8.0,1.0,200.0,0.0,200000000.0,1.0,1.0
19,8.0,1000000.0,8.0,1.0,200.0,0.0,200000000.0,1.0,1.0
20,8.0,1000000.0,8.0,1.0,200.0,0.0,200000000.0,1.0,1.0
21,8.0,1000000.0,8.0,1.0,200.0,0.0,200000000.0,1.0,1.0
22,8.0,1000000.0,8.0,1.0,200.0,0.0,200000000.0,1.0,1.0
23,8.28,1000000.0,10.0,1.0,200.0,0.0,200000000.0,1.0,1.0
24,10.0,1000000.0,10.0,1.0,200.0,0.0,200000000.0,1.0,1.0
25,10.0,1000000.0,10.0,1.0,200.0,0.0,200000000.0,1.0,1.0
26,10.0,1000000.0,10.0,1.0,200.0,0.0,200000000.0,1.0,1.0
27,10.0,1000000.0,10.0,1.0,200.0,0.0,200000000.0,1.0,1.0
28,10.0,1000000.0,10.0,1.0,200.0,0.0,200000000.0,1.0,1.0
29,10.0,1000000.0,10.0,1.0,200.0,0.0,200000000.0,1.0,1.0
30,10.0,1000000.0,10.0,1.0,200.0,0.0,200000000.0,1.0,1.0
31,10.0,1000000.0,10.0,1.0,200.0,0.0,200000000.0,1.0,1.0
32,10.0,1000000.0,10.0,1.0,200.0,0.0,200000000.0,1.0,1.0
33,10.0,1000000.0,10.0,1.0,200.0,0.0,200000000.0,1.0,1.0
34,9.99004975124378,1000000.0,10.0,1.0,201.0,0.0,201000000.0,1.0,2.0
35,10.0,1000000.0,10.0,1.0,200.0,0.0,200000000.0,1.0,1.0
36,10.0,1000000.0,10.0,1.0,200.0,0.0,200000000.0,1.0,1.0
37,10.0,1000000.0,10.0,1.0,200.0,0.0,200000000.0,1.0,1.0
38,10.0,1000000.0,10.0,1.0,200.0,0.0,200000000.0,1.0,1.0
39,10.0,1000000.0,10.0,1.0,200.0,0.0,200000000.0,1.0,1.0
40,10.0,1000000.0,10.0,1.0,199.0,0.0,199000000.0,1.0,1.0
41,10.0,1000000.0,10.0,1.0,201.0,0.0,201000000.0,1.0,1.0
42,10.0,1000000.0,10.0,1.0,200.0,0.0,200000000.0,1.0,1.0
43,10.0,1000000.0,10.0,1.0,200.0,0.0,200000000.0,1.0,1.0
44,10.0,1000000.0,10.0,1.0,200.0,0.0,200000000.0,1.0,1.0
45,10.0,1000000.0,10.0,1.0,200.0,0.0,200000000.0,1.0,1.0
46,10.0,1000000.0,10.0,1.0,200.0,0.0,200000000.0,1.0,1.0
47,10.0,1000000.0,10.0,1.0,200.0,0.0,200000000.0,1.0,1.0
48,10.0,1000000.0,10.0,1.0,200.0,0.0,200000000.0,1.0,1.0
49,10.0,1000000.0,10.0,1.0,200.0,0.0,200000000.0,1.0,1.0
50,10.0,1000000.0,10.0,1.0,200.0,0.0,200000000.0,1.0,1.0
51,10.0,1000000.0,10.0,1.0,200.0,0.0,200000000.0,1.0,1.0
52,10.0,1000000.0,10.0,1.0,200.0,0.0,200000000.0,1.0,1.0
53,10.0,1000000.0,10.0,1.0,200.0,0.0,200000000.0,1.0,1.0
54,10.0,1000000.0,10.0,1.0,200.0,0.0,200000000.0,1.0,1.0
55,10.0,1000000.0,10.0,1.0,200.0,0.0,200000000.0,1.0,1.0
56,10.0,1000000.0,10.0,1.0,200.0,0.0,200000000.0,1.0,1.0
57,10.0,1000000.0,10.0,1.0,200.0,0.0,200000000.0,1.0,1.0
58,10.0,1000000.0,10.0,1.0,200.0,0.0,200000000.0,1.0,1.0
59,10.0,1000000.0,10.0,1.0,200.0,0.0,200000000.0,1.0,1.0
60,10.0,1000000.0,10.0,1.0,200.0,0.0,200000000.0,1.0,1.0
61,10.0,1000000.0,10.0,1.0,200.0,0.0,200000000.0,1.0,1.0
62,10.0,1000000.0,10.0,1.0,200.0,0.0,200000000.0,1.0,1.0
63,10.0,1000000.0,10.0,1.0,200.0,0.0,200000000.0,1.0,1.0
64,10.0,1000000.0,10.0,1.0,200.0,0.0,200000000.0,1.0,1.0
65,10.0,1000000.0,10.0,1.0,200.0,0.0,200000000.0,1.0,1.0
66,10.0,1000000.0,10.0,1.0,200.0,0.0,200000000.0,1.0,1.0
67,10.0,1000000.0,10.0,1.0,200.0,0.0,200000000.0,1.0,1.0
68,10.0,1000000.0,10.0,1.0,200.0,0.0,200000000.0,1.0,1.0
69,9.970149253731345,1000000.0,10.0,1.0,201.0,0.0,201000000.0,1.0,2.0
70,10.0,1000000.0,10.0,1.0,200.0,0.0,200000000.0,1.0,1.0
71,10.0,1000000.0,10.0,1.0,200.0,0.0,200000000.0,1.0,1.0
72,10.0,1000000.0,10.0,1.0,200.0,0.0,200000000.0,1.0,1.0
73,10.0,1000000.0,10.0,1.0,200.0,0.0,200000000.0,1.0,1.0
74,10.0,1000000.0,10.0,1.0,200.0,0.0,200000000.0,1.0,1.0
75,10.0,1000000.0,10.0,1.0,200.0,0.0,200000000.0,1.0,1.0
76,10.0,1000000.0,10.0,1.0,200.0,0.0,200000000.0,1.0,1.0
77,10.0,1000000.0,10.0,1.0,200.0,0.0,200000000.0,1.0,1.0
78,10.0,1000000.0,10.0,1.0,200.0,0.0,200000000.0,1.0,1.0
79,10.0,1000000.0,10.0,1.0,200.0,0.0,200000000.0,1.0,1.0
80,10.0,1000000.0,10.0,1.0,200.0,0.0,200000000.0,1.0,1.0
81,10.0,1000000.0,10.0,1.0,200.0,0.0,200000000.0,1.0,1.0
82,10.0,1000000.0,10.0,1.0,200.0,0.0,200000000.0,1.0,1.0
83,10.0,1000000.0,10.0,1.0,200.0,0.0,200000000.0,1.0,1.0
84,10.0,1000000.0,10.0,1.0,200.0,0.0,200000000.0,1.0,1.0
85,10.0,1000000.0,10.0,1.0,200.0,0.0,200000000.0,1.0,1.0
86,10.0,1000000.0,10.0,1.0,200.0,0.0,200000000.0,1.0,1.0
87,10.0,1000000.0,10.0,1.0,200.0,0.0,200000000.0,1.0,1.0
88,10.02,1000000.0,11.0,1.0,200.0,0.0,200000000.0,1.0,1.0
89,10.0,1000000.0,10.0,1.0,200.0,0.0,200000000.0,1.0,1.0
90,10.0,1000000.0,10.0,1.0,200.0,0.0,200000000.0,1.0,1.0
91,10.0,1000000.0,10.0,1.0,200.0,0.0,200000000.0,1.0,1.0
92,10.0,1000000.0,10.0,1.0,200.0,0.0,200000000.0,1.0,1.0
93,9.99502487562189,1000000.0,10.0,1.0,201.0,0.0,201000000.0,1.0,2.0
94,10.0,1000000.0,10.0,1.0,200.0,0.0,200000000.0,1.0,1.0
95,10.0,1000000.0,10.0,1.0,200.0,0.0,200000000.0,1.0,1.0
96,10.0,1000000.0,10.0,1.0,200.0,0.0,200000000.0,1.0,1.0
97,10.0,1000000.0,10.0,1.0,200.0,0.0,200000000.0,1.0,1.0
98,10.225,1000000.0,11.0,1.0,200.0,0.0,200000000.0,1.0,1.0
99,11.0,1000000.0,11.0,1.0,200.0,0.0,200000000.0,1.0,1.0
100,11.0,1000000.0,11.0,1.0,200.0,0.0,200000000.0,1.0,1.0
101,11.0,1000000.0,11.0,1.0,200.0,0.0,200000000.0,1.0,1.0
102,11.0,1000000.0,11.0,1.0,200.0,0.0,200000000.0,1.0,1.0
103,11.0,1000000.0,11.0,1.0,200.0,0.0,200000000.0,1.0,1.0
104,11.0,1000000.0,11.0,1.0,200.0,0.0,200000000.0,1.0,1.0
105,11.0,1000000.0,11.0,1.0,200.0,0.0,200000000.0,1.0,1.0
106,11.0,1000000.0,11.0,1.0,200.0,0.0,200000000.0,1.0,1.0
107,11.0,1000000.0,11.0,1.0,200.0,0.0,200000000.0,1.0,1.0
108,11.0,1000000.0,11.0,1.0,200.0,0.0,200000000.0,1.0,1.0
109,11.0,1000000.0,11.0,1.0,200.0,0.0,200000000.0,1.0,1.0
110,8.795,1000000.0,11.0,1.0,200.0,0.0,200000000.0,1.0,1.0
111,8.0,1000000.0,8.0,1.0,200.0,0.0,200000000.0,1.0,1.0
112,8.0,1000000.0,8.0,1.0,200.0,0.0,200000000.0,1.0,1.0
113,8.0,1000000.0,8.0,1.0,200.0,0.0,200000000.0,1.0,1.0
114,8.0,1000000.0,8.0,1.0,200.0,0.0,200000000.0,1.0,1.0
115,8.0,1000000.0,8.0,1.0,200.0,0.0,200000000.0,1.0,1.0
116,8.0,1000000.0,8.0,1.0,200.0,0.0,200000000.0,1.0,1.0
117,8.0,1000000.0,8.0,1.0,200.0,0.0,200000000.0,1.0,1.0
118,8.0,1000000.0,8.0,1.0,200.0,0.0,200000000.0,1.0,1.0
119,8.0,1000000.0,8.0,1.0,200.0,0.0,200000000.0,1.0,1.0
120,8.0,1000000.0,8.0,1.0,200.0,0.0,200000000.0,1.0,1.0
121,8.0,1000000.0,8.0,1.0,200.0,0.0,200000000.0,1.0,1.0
122,8.0,1000000.0,8.0,1.0,200.0,0.0,200000000.0,1.0,1.0
123,8.0,1000000.0,8.0,1.0,200.0,0.0,200000000.0,1.0,1.0
124,8.0,1000000.0,8.0,1.0,200.0,0.0,200000000.0,1.0,1.0
125,8.0,1000000.0,8.0,1.0,200.0,0.0,200000000.0,1.0,1.0
126,8.0,1000000.0,8.0,1.0,200.0,0.0,200000000.0,1.0,1.0
127,8.0,1000000.0,8.0,1.0,200.0,0.0,200000000.0,1.0,1.0
128,8.0,1000000.0,8.0,1.0,200.0,0.0,200000000.0,1.0,1.0
129,8.0,1000000.0,8.0,1.0,200.0,0.0,200000000.0,1.0,1.0
130,8.0,1000000.0,8.0,1.0,200.0,0.0,200000000.0,1.0,1.0
131,7.985074626865671,1000000.0,8.0,1.0,201.0,0.0,201000000.0,1.0,2.0
132,8.0,1000000.0,8.0,1.0,200.0,0.0,200000000.0,1.0,1.0
133,8.0,1000000.0,8.0,1.0,200.0,0.0,200000000.0,1.0,1.0
134,8.0,1000000.0,8.0,1.0,200.0,0.0,200000000.0,1.0,1.0
135,8.0,1000000.0,8.0,1.0,200.0,0.0,200000000.0,1.0,1.0
136,8.0,1000000.0,8.0,1.0,200.0,0.0,200000000.0,1.0,1.0
137,8.0,1000000.0,8.0,1.0,200.0,0.0,200000000.0,1.0,1.0
138,8.0,1000000.0,8.0,1.0,200.0,0.0,200000000.0,1.0,1.0
139,8.0,1000000.0,8.0,1.0,200.0,0.0,200000000.0,1.0,1.0
140,8.0,1000000.0,8.0,1.0,200.0,0.0,200000000.0,1.0,1.0
141,8.0,1000000.0,8.0,1.0,200.0,0.0,200000000.0,1.0,1.0
142,8.0,1000000.0,8.0,1.0,200.0,0.0,200000000.0,1.0,1.0
143,7.985074626865671,1000000.0,8.0,1.0,201.0,0.0,201000000.0,1.0,2.0
144,8.0,1000000.0,8.0,1.0,200.0,0.0,200000000.0,1.0,1.0
145,8.0,1000000.0,8.0,1.0,200.0,0.0,200000000.0,1.0,1.0
146,8.0,1000000.0,8.0,1.0,200.0,0.0,200000000.0,1.0,1.0
147,8.0,1000000.0,8.0,1.0,200.0,0.0,200000000.0,1.0,1.0
148,8.0,1000000.0,8.0,1.0,200.0,0.0,200000000.0,1.0,1.0
149,8.0,1000000.0,8.0,1.0,200.0,0.0,200000000.0,1.0,1.0
150,8.0,1000000.0,8.0,1.0,200.0,0.0,200000000.0,1.0,1.0
151,8.0,1000000.0,8.0,1.0,200.0,0.0,200000000.0,1.0,1.0
152,8.0,1000000.0,8.0,1.0,200.0,0.0,200000000.0,1.0,1.0
153,8.0,1000000.0,8.0,1.0,200.0,0.0,200000000.0,1.0,1.0
154,8.0,1000000.0,8.0,1.0,200.0,0.0,200000000.0,1.0,1.0
155,9.36,1000000.0,10.0,1.0,200.0,0.0,200000000.0,1.0,1.0
156,10.0,1000000.0,10.0,1.0,200.0,0.0,200000000.0,1.0,1.0
157,10.0,1000000.0,10.0,1.0,200.0,0.0,200000000.0,1.0,1.0
158,10.0,1000000.0,10.0,1.0,200.0,0.0,200000000.0,1.0,1.0
159,10.0,1000000.0,10.0,1.0,200.0,0.0,200000000.0,1.0,1.0
160,10.0,1000000.0,10.0,1.0,200.0,0.0,200000000.0,1.0,1.0
161,10.0,1000000.0,10.0,1.0,200.0,0.0,200000000.0,1.0,1.0
162,10.0,1000000.0,10.0,1.0,200.0,0.0,200000000.0,1.0,1.0
163,10.0,1000000.0,10.0,1.0,200.0,0.0,200000000.0,1.0,1.0
164,9.365,1000000.0,10.0,1.0,200.0,0.0,200000000.0,1.0,1.0
165,9.0,1000000.0,9.0,1.0,200.0,0.0,200000000.0,1.0,1.0
166,9.0,1000000.0,9.0,1.0,200.0,0.0,200000000.0,1.0,1.0
167,9.0,1000000.0,9.0,1.0,200.0,0.0,200000000.0,1.0,1.0
168,9.0,1000000.0,9.0,1.0,200.0,0.0,200000000.0,1.0,1.0
169,9.0,1000000.0,9.0,1.0,200.0,0.0,200000000.0,1.0,1.0
170,9.0,1000000.0,9.0,1.0,200.0,0.0,200000000.0,1.0,1.0
171,9.0,1000000.0,9.0,1.0,200.0,0.0,200000000.0,1.0,1.0
172,9.0,1000000.0,9.0,1.0,200.0,0.0,200000000.0,1.0,1.0
173,9.0,1000000.0,9.0,1.0,200.0,0.0,200000000.0,1.0,1.0
174,10.45,1000000.0,11.0,1.0,200.0,0.0,200000000.0,1.0,1.0
175,11.0,1000000.0,11.0,1.0,200.0,0.0,200000000.0,1.0,1.0
176,11.0,1000000.0,11.0,1.0,200.0,0.0,200000000.0,1.0,1.0
177,11.0,1000000.0,11.0,1.0,200.0,0.0,200000000.0,1.0,1.0
178,11.0,1000000.0,11.0,1.0,200.0,0.0,200000000.0,1.0,1.0
179,11.0,1000000.0,11.0,1.0,200.0,0.0,200000000.0,1.0,1.0
180,11.0,1000000.0,11.0,1.0,200.0,0.0,200000000.0,1.0,1.0
181,11.0,1000000.0,11.0,1.0,200.0,0.0,200000000.0,1.0,1.0
182,11.0,1000000.0,11.0,1.0,200.0,0.0,200000000.0,1.0,1.0
183,11.0,1000000.0,11.0,1.0,200.0,0.0,200000000.0,1.0,1.0
184,10.99502487562189,1000000.0,11.0,1.0,201.0,0.0,201000000.0,1.0,2.0
185,11.0,1000000.0,11.0,1.0,200.0,0.0,200000000.0,1.0,1.0
186,11.0,1000000.0,11.0,1.0,200.0,0.0,200000000.0,1.0,1.0
187,11.0,1000000.0,11.0,1.0,200.0,0.0,200000000.0,1.0,1.0
188,11.0,1000000.0,11.0,1.0,200.0,0.0,200000000.0,1.0,1.0
189,11.0,1000000.0,11.0,1.0,200.0,0.0,200000000.0,1.0,1.0
190,11.0,1000000.0,11.0,1.0,200.0,0.0,200000000.0,1.0,1.0
191,11.0,1000000.0,11.0,1.0,200.0,0.0,200000000.0,1.0,1.0
192,11.0,1000000.0,11.0,1.0,200.0,0.0,200000000.0,1.0,1.0
193,11.0,1000000.0,11.0,1.0,200.0,0.0,200000000.0,1.0,1.0
194,11.0,1000000.0,11.0,1.0,200.0,0.0,200000000.0,1.0,1.0
195,11.0,1000000.0,11.0,1.0,200.0,0.0,200000000.0,1.0,1.0
196,11.0,1000000.0,11.0,1.0,200.0,0.0,200000000.0,1.0,1.0
197,11.0,1000000.0,11.0,1.0,200.0,0.0,200000000.0,1.0,1.0
198,11.0,1000000.0,11.0,1.0,200.0,0.0,200000000.0,1.0,1.0
199,11.0,1000000.0,11.0,1.0,200.0,0.0,200000000.0,1.0,1.0
200,10.970149253731345,1000000.0,11.0,1.0,201.0,0.0,201000000.0,1.0,2.0
201,11.0,1000000.0,11.0,1.0,200.0,0.0,200000000.0,1.0,1.0
202,11.0,1000000.0,11.0,1.0,200.0,0.0,200000000.0,1.0,1.0
203,11.0,1000000.0,11.0,1.0,200.0,0.0,200000000.0,1.0,1.0
204,11.0,1000000.0,11.0,1.0,200.0,0.0,200000000.0,1.0,1.0
205,11.0,1000000.0,11.0,1.0,200.0,0.0,200000000.0,1.0,1.0
206,11.0,1000000.0,11.0,1.0,200.0,0.0,200000000.0,1.0,1.0
207,11.0,1000000.0,11.0,1.0,200.0,0.0,200000000.0,1.0,1.0
208,11.0,1000000.0,11.0,1.0,200.0,0.0,200000000.0,1.0,1.0
209,11.0,1000000.0,11.0,1.0,200.0,0.0,200000000.0,1.0,1.0
210,11.0,1000000.0,11.0,1.0,200.0,0.0,200000000.0,1.0,1.0
211,11.0,1000000.0,11.0,1.0,200.0,0.0,200000000.0,1.0,1.0
212,11.0,1000000.0,11.0,1.0,200.0,0.0,200000000.0,1.0,1.0
213,11.0,1000000.0,11.0,1.0,200.0,0.0,200000000.0,1.0,1.0
214,11.0,1000000.0,11.0,1.0,200.0,0.0,200000000.0,1.0,1.0
215,11.0,1000000.0,11.0,1.0,200.0,0.0,200000000.0,1.0,1.0
216,11.0,1000000.0,11.0,1.0,200.0,0.0,200000000.0,1.0,1.0
217,11.0,1000000.0,11.0,1.0,200.0,0.0,200000000.0,1.0,1.0
218,11.0,1000000.0,11.0,1.0,200.0,0.0,200000000.0,1.0,1.0
219,11.0,1000000.0,11.0,1.0,200.0,0.0,200000000.0,1.0,1.0
220,11.0,1000000.0,11.0,1.0,200.0,0.0,200000000.0,1.0,1.0
221,11.0,1000000.0,11.0,1.0,200.0,0.0,200000000.0,1.0,1.0
222,11.0,1000000.0,11.0,1.0,200.0,0.0,200000000.0,1.0,1.0
223,11.0,1000000.0,11.0,1.0,200.0,0.0,200000000.0,1.0,1.0
224,10.985074626865671,1000000.0,11.0,1.0,201.0,0.0,201000000.0,1.0,2.0
225,10.315,1000000.0,11.0,1.0,200.0,0.0,200000000.0,1.0,1.0
226,10.0,1000000.0,10.0,1.0,200.0,0.0,200000000.0,1.0,1.0
227,9.99004975124378,1000000.0,10.0,1.0,201.0,0.0,201000000.0,1.0,2.0
228,10.0,1000000.0,10.0,1.0,200.0,0.0,200000000.0,1.0,1.0
229,10.0,1000000.0,10.0,1.0,200.0,0.0,200000000.0,1.0,1.0
230,10.0,1000000.0,10.0,1.0,200.0,0.0,200000000.0,1.0,1.0
231,10.0,1000000.0,10.0,1.0,200.0,0.0,200000000.0,1.0,1.0
232,9.94,1000000.0,10.0,1.0,200.0,0.0,200000000.0,1.0,1.0
233,9.0,1000000.0,9.0,1.0,200.0,0.0,200000000.0,1.0,1.0
234,9.0,1000000.0,9.0,1.0,200.0,0.0,200000000.0,1.0,1.0
235,8.99502487562189,1000000.0,9.0,1.0,201.0,0.0,201000000.0,1.0,2.0
236,9.0,1000000.0,9.0,1.0,200.0,0.0,200000000.0,1.0,1.0
237,9.0,1000000.0,9.0,1.0,200.0,0.0,200000000.0,1.0,1.0
238,9.0,1000000.0,9.0,1.0,200.0,0.0,200000000.0,1.0,1.0
239,9.0,1000000.0,9.0,1.0,200.0,0.0,200000000.0,1.0,1.0
240,9.655,1000000.0,10.0,1.0,200.0,0.0,200000000.0,1.0,1.0
241,10.0,1000000.0,10.0,1.0,200.0,0.0,200000000.0,1.0,1.0
242,10.0,1000000.0,10.0,1.0,200.0,0.0,200000000.0,1.0,1.0
243,10.0,1000000.0,10.0,1.0,200.0,0.0,200000000.0,1.0,1.0
244,10.0,1000000.0,10.0,1.0,200.0,0.0,200000000.0,1.0,1.0
245,10.0,1000000.0,10.0,1.0,200.0,0.0,200000000.0,1.0,1.0
246,10.0,1000000.0,10.0,1.0,200.0,0.0,200000000.0,1.0,1.0
247,10.0,1000000.0,10.0,1.0,200.0,0.0,200000000.0,1.0,1.0
248,10.0,1000000.0,10.0,1.0,200.0,0.0,200000000.0,1.0,1.0
249,10.0,1000000.0,10.0,1.0,200.0,0.0,200000000.0,1.0,1.0
250,10.0,1000000.0,10.0,1.0,200.0,0.0,200000000.0,1.0,1.0
251,10.0,1000000.0,10.0,1.0,200.0,0.0,200000000.0,1.0,1.0
252,10.0,1000000.0,10.0,1.0,200.0,0.0,200000000.0,1.0,1.0
253,10.0,1000000.0,10.0,1.0,200.0,0.0,200000000.0,1.0,1.0
254,10.0,1000000.0,10.0,1.0,200.0,0.0,200000000.0,1.0,1.0
255,10.0,1000000.0,10.0,1.0,200.0,0.0,200000000.0,1.0,1.0
256,9.99502487562189,1000000.0,10.0,1.0,201.0,0.0,201000000.0,1.0,2.0
257,10.0,1000000.0,10.0,1.0,200.0,0.0,200000000.0,1.0,1.0
258,10.0,1000000.0,10.0,1.0,200.0,0.0,200000000.0,1.0,1.0
259,10.0,1000000.0,10.0,1.0,200.0,0.0,200000000.0,1.0,1.0
260,10.0,1000000.0,10.0,1.0,200.0,0.0,200000000.0,1.0,1.0
261,10.0,1000000.0,10.0,1.0,200.0,0.0,200000000.0,1.0,1.0
262,10.0,1000000.0,10.0,1.0,200.0,0.0,200000000.0,1.0,1.0
263,10.0,1000000.0,10.0,1.0,200.0,0.0,200000000.0,1.0,1.0
264,10.0,1000000.0,10.0,1.0,200.0,0.0,200000000.0,1.0,1.0
265,10.0,1000000.0,10.0,1.0,200.0,0.0,200000000.0,1.0,1.0
266,10.0,1000000.0,10.0,1.0,200.0,0.0,200000000.0,1.0,1.0
267,10.0,1000000.0,10.0,1.0,200.0,0.0,200000000.0,1.0,1.0
268,6.22,1000000.0,10.0,1.0,200.0,0.0,200000000.0,1.0,1.0
269,4.0,1000000.0,4.0,1.0,200.0,0.0,200000000.0,1.0,1.0
270,4.0,1000000.0,4.0,1.0,200.0,0.0,200000000.0,1.0,1.0
271,4.0,1000000.0,4.0,1.0,200.0,0.0,200000000.0,1.0,1.0
272,4.0,1000000.0,4.0,1.0,200.0,0.0,200000000.0,1.0,1.0
273,4.0,1000000.0,4.0,1.0,200.0,0.0,200000000.0,1.0,1.0
274,4.0,1000000.0,4.0,1.0,200.0,0.0,200000000.0,1.0,1.0
275,4.0,1000000.0,4.0,1.0,200.0,0.0,200000000.0,1.0,1.0
276,4.0,1000000.0,4.0,1.0,200.0,0.0,200000000.0,1.0,1.0
277,4.0,1000000.0,4.0,1.0,200.0,0.0,200000000.0,1.0,1.0
278,4.0,1000000.0,4.0,1.0,200.0,0.0,200000000.0,1.0,1.0
279,4.0,1000000.0,4.0,1.0,200.0,0.0,200000000.0,1.0,1.0
280,4.0,1000000.0,4.0,1.0,200.0,0.0,200000000.0,1.0,1.0
281,4.0,1000000.0,4.0,1.0,200.0,0.0,200000000.0,1.0,1.0
282,4.0,1000000.0,4.0,1.0,200.0,0.0,200000000.0,1.0,1.0
283,4.0,1000000.0,4.0,1.0,200.0,0.0,200000000.0,1.0,1.0
284,4.0,1000000.0,4.0,1.0,200.0,0.0,200000000.0,1.0,1.0
285,4.009950248756219,1000000.0,6.0,1.0,201.0,0.0,201000000.0,1.0,2.0
286,4.0,1000000.0,4.0,1.0,200.0,0.0,200000000.0,1.0,1.0
287,4.0,1000000.0,4.0,1.0,200.0,0.0,200000000.0,1.0,1.0
288,4.0,1000000.0,4.0,1.0,200.0,0.0,200000000.0,1.0,1.0
289,4.0,1000000.0,4.0,1.0,200.0,0.0,200000000.0,1.0,1.0
290,4.256281407035176,1000000.0,6.0,1.0,199.0,0.0,199000000.0,1.0,1.0
291,5.0,1000000.0,5.0,1.0,200.0,0.0,200000000.0,1.0,1.0
292,5.0,1000000.0,5.0,1.0,200.0,0.0,200000000.0,1.0,1.0
293,5.0,1000000.0,5.0,1.0,200.0,0.0,200000000.0,1.0,1.0
294,5.0,1000000.0,5.0,1.0,200.0,0.0,200000000.0,1.0,1.0
295,5.0,1000000.0,5.0,1.0,200.0,0.0,200000000.0,1.0,1.0
296,5.0049751243781095,1000000.0,6.0,1.0,201.0,0.0,201000000.0,1.0,2.0
297,5.0,1000000.0,5.0,1.0,200.0,0.0,200000000.0,1.0,1.0
298,5.0,1000000.0,5.0,1.0,200.0,0.0,200000000.0,1.0,1.0
299,5.0,1000000.0,5.0,1.0,200.0,0.0,200000000.0,1.0,1.0
300,5.0,1000000.0,5.0,1.0,200.0,0.0,200000000.0,1.0,1.0
301,5.0,1000000.0,5.0,1.0,200.0,0.0,200000000.0,1.0,1.0
302,5.0,1000000.0,5.0,1.0,200.0,0.0,200000000.0,1.0,1.0
303,5.0,1000000.0,5.0,1.0,200.0,0.0,200000000.0,1.0,1.0
304,5.0,1000000.0,5.0,1.0,200.0,0.0,200000000.0,1.0,1.0
305,5.0,1000000.0,5.0,1.0,200.0,0.0,200000000.0,1.0,1.0
306,5.0,1000000.0,5.0,1.0,200.0,0.0,200000000.0,1.0,1.0
307,5.0,1000000.0,5.0,1.0,200.0,0.0,200000000.0,1.0,1.0
308,5.0,1000000.0,5.0,1.0,200.0,0.0,200000000.0,1.0,1.0
309,5.0,1000000.0,5.0,1.0,200.0,0.0,200000000.0,1.0,1.0
310,5.0,1000000.0,5.0,1.0,200.0,0.0,200000000.0,1.0,1.0
311,5.014925373134329,1000000.0,8.0,1.0,201.0,0.0,201000000.0,1.0,2.0
312,5.0,1000000.0,5.0,1.0,200.0,0.0,200000000.0,1.0,1.0
313,5.0,1000000.0,5.0,1.0,200.0,0.0,200000000.0,1.0,1.0
314,5.0,1000000.0,5.0,1.0,200.0,0.0,200000000.0,1.0,1.0
315,5.0,1000000.0,5.0,1.0,200.0,0.0,200000000.0,1.0,1.0
316,5.019900497512438,1000000.0,9.0,1.0,201.0,0.0,201000000.0,1.0,2.0
317,5.0,1000000.0,5.0,1.0,200.0,0.0,200000000.0,1.0,1.0
318,5.0,1000000.0,5.0,1.0,200.0,0.0,200000000.0,1.0,1.0
319,5.0,1000000.0,5.0,1.0,200.0,0.0,200000000.0,1.0,1.0
320,5.0,1000000.0,5.0,1.0,200.0,0.0,200000000.0,1.0,1.0
321,5.0,1000000.0,5.0,1.0,200.0,0.0,200000000.0,1.0,1.0
322,5.0,1000000.0,5.0,1.0,200.0,0.0,200000000.0,1.0,1.0
323,5.0,1000000.0,5.0,1.0,200.0,0.0,200000000.0,1.0,1.0
324,5.0,1000000.0,5.0,1.0,200.0,0.0,200000000.0,1.0,1.0
325,5.0,1000000.0,5.0,1.0,200.0,0.0,200000000.0,1.0,1.0
326,5.014925373134329,1000000.0,8.0,1.0,201.0,0.0,201000000.0,1.0,2.0
327,5.0,1000000.0,5.0,1.0,200.0,0.0,200000000.0,1.0,1.0
328,5.0,1000000.0,5.0,1.0,200.0,0.0,200000000.0,1.0,1.0
329,5.0,1000000.0,5.0,1.0,200.0,0.0,200000000.0,1.0,1.0
330,5.0,1000000.0,5.0,1.0,200.0,0.0,200000000.0,1.0,1.0
331,5.0,1000000.0,5.0,1.0,200.0,0.0,200000000.0,1.0,1.0
332,5.0,1000000.0,5.0,1.0,199.0,0.0,199000000.0,1.0,1.0
333,5.0,1000000.0,5.0,1.0,201.0,0.0,201000000.0,1.0,1.0
334,5.0,1000000.0,5.0,1.0,200.0,0.0,200000000.0,1.0,1.0
335,5.0,1000000.0,5.0,1.0,200.0,0.0,200000000.0,1.0,1.0
336,5.0,1000000.0,5.0,1.0,200.0,0.0,200000000.0,1.0,1.0
337,5.0,1000000.0,5.0,1.0,200.0,0.0,200000000.0,1.0,1.0
338,5.0,1000000.0,5.0,1.0,200.0,0.0,200000000.0,1.0,1.0
339,5.0,1000000.0,5.0,1.0,200.0,0.0,200000000.0,1.0,1.0
340,5.0,1000000.0,5.0,1.0,200.0,0.0,200000000.0,1.0,1.0
341,5.41,1000000.0,7.0,1.0,200.0,0.0,200000000.0,1.0,1.0
342,6.0,1000000.0,6.0,1.0,200.0,0.0,200000000.0,1.0,1.0
343,6.0,1000000.0,6.0,1.0,200.0,0.0,200000000.0,1.0,1.0
344,6.0,1000000.0,6.0,1.0,200.0,0.0,200000000.0,1.0,1.0
345,6.0,1000000.0,6.0,1.0,200.0,0.0,200000000.0,1.0,1.0
346,6.0,1000000.0,6.0,1.0,200.0,0.0,200000000.0,1.0,1.0
347,6.0,1000000.0,6.0,1.0,200.0,0.0,200000000.0,1.0,1.0
348,6.0,1000000.0,6.0,1.0,200.0,0.0,200000000.0,1.0,1.0
349,4.35,1000000.0,6.0,1.0,200.0,0.0,200000000.0,1.0,1.0
350,4.0,1000000.0,4.0,1.0,200.0,0.0,200000000.0,1.0,1.0
351,4.0,1000000.0,4.0,1.0,200.0,0.0,200000000.0,1.0,1.0
352,4.0,1000000.0,4.0,1.0,200.0,0.0,200000000.0,1.0,1.0
353,4.0,1000000.0,4.0,1.0,200.0,0.0,200000000.0,1.0,1.0
354,4.0,1000000.0,4.0,1.0,200.0,0.0,200000000.0,1.0,1.0
355,4.0,1000000.0,4.0,1.0,200.0,0.0,200000000.0,1.0,1.0
356,4.0,1000000.0,4.0,1.0,200.0,0.0,200000000.0,1.0,1.0
357,4.0,1000000.0,4.0,1.0,200.0,0.0,200000000.0,1.0,1.0
358,4.0,1000000.0,4.0,1.0,200.0,0.0,200000000.0,1.0,1.0
359,4.0,1000000.0,4.0,1.0,200.0,0.0,200000000.0,1.0,1.0
360,4.0,1000000.0,4.0,1.0,200.0,0.0,200000000.0,1.0,1.0
361,4.0,1000000.0,4.0,1.0,200.0,0.0,200000000.0,1.0,1.0
362,4.0,1000000.0,4.0,1.0,200.0,0.0,200000000.0,1.0,1.0
363,4.0,1000000.0,4.0,1.0,200.0,0.0,200000000.0,1.0,1.0
364,4.0,1000000.0,4.0,1.0,200.0,0.0,200000000.0,1.0,1.0
365,4.009950248756219,1000000.0,6.0,1.0,201.0,0.0,201000000.0,1.0,2.0
366,4.065,1000000.0,6.0,1.0,200.0,0.0,200000000.0,1.0,1.0
367,5.0,1000000.0,5.0,1.0,200.0,0.0,200000000.0,1.0,1.0
368,5.0,1000000.0,5.0,1.0,200.0,0.0,200000000.0,1.0,1.0
369,5.0,1000000.0,5.0,1.0,200.0,0.0,200000000.0,1.0,1.0
370,5.0,1000000.0,5.0,1.0,200.0,0.0,200000000.0,1.0,1.0
371,5.0,1000000.0,5.0,1.0,200.0,0.0,200000000.0,1.0,1.0
372,5.0,1000000.0,5.0,1.0,200.0,0.0,200000000.0,1.0,1.0
373,5.0,1000000.0,5.0,1.0,200.0,0.0,200000000.0,1.0,1.0
374,5.0,1000000.0,5.0,1.0,200.0,0.0,200000000.0,1.0,1.0
375,5.0,1000000.0,5.0,1.0,200.0,0.0,200000000.0,1.0,1.0
376,5.0,1000000.0,5.0,1.0,200.0,0.0,200000000.0,1.0,1.0
377,5.0,1000000.0,5.0,1.0,200.0,0.0,200000000.0,1.0,1.0
378,5.0,1000000.0,5.0,1.0,200.0,0.0,200000000.0,1.0,1.0
379,5.0,1000000.0,5.0,1.0,200.0,0.0,200000000.0,1.0,1.0
380,5.0,1000000.0,5.0,1.0,200.0,0.0,200000000.0,1.0,1.0
381,5.0,1000000.0,5.0,1.0,200.0,0.0,200000000.0,1.0,1.0
382,5.0,1000000.0,5.0,1.0,200.0,0.0,200000000.0,1.0,1.0
383,5.0,1000000.0,5.0,1.0,200.0,0.0,200000000.0,1.0,1.0
384,5.0,1000000.0,5.0,1.0,200.0,0.0,200000000.0,1.0,1.0
385,5.0,1000000.0,5.0,1.0,200.0,0.0,200000000.0,1.0,1.0
386,5.0,1000000.0,5.0,1.0,199.0,0.0,199000000.0,1.0,1.0
387,5.0,1000000.0,5.0,1.0,201.0,0.0,201000000.0,1.0,1.0
388,5.0,1000000.0,5.0,1.0,200.0,0.0,200000000.0,1.0,1.0
389,5.0,1000000.0,5.0,1.0,200.0,0.0,200000000.0,1.0,1.0
390,5.0,1000000.0,5.0,1.0,200.0,0.0,200000000.0,1.0,1.0
391,5.034653465346534,1000000.0,9.0,1.0,202.0,0.0,202000000.0,1.0,3.0
392,5.0,1000000.0,5.0,1.0,199.0,0.0,199000000.0,1.0,1.0
393,5.0,1000000.0,5.0,1.0,201.0,0.0,201000000.0,1.0,1.0
394,5.0,1000000.0,5.0,1.0,200.0,0.0,200000000.0,1.0,1.0
395,5.0,1000000.0,5.0,1.0,200.0,0.0,200000000.0,1.0,1.0
396,5.0,1000000.0,5.0,1.0,200.0,0.0,200000000.0,1.0,1.0
397,5.014925373134329,1000000.0,8.0,1.0,201.0,0.0,201000000.0,1.0,2.0
398,5.0,1000000.0,5.0,1.0,200.0,0.0,200000000.0,1.0,1.0
399,5.0,1000000.0,5.0,1.0,200.0,0.0,200000000.0,1.0,1.0
400,5.0,1000000.0,5.0,1.0,200.0,0.0,200000000.0,1.0,1.0
401,5.0,1000000.0,5.0,1.0,200.0,0.0,200000000.0,1.0,1.0
402,5.0,1000000.0,5.0,1.0,200.0,0.0,200000000.0,1.0,1.0
403,5.0,1000000.0,5.0,1.0,200.0,0.0,200000000.0,1.0,1.0
404,5.0,1000000.0,5.0,1.0,200.0,0.0,200000000.0,1.0,1.0
405,5.0,1000000.0,5.0,1.0,200.0,0.0,200000000.0,1.0,1.0
406,5.0,1000000.0,5.0,1.0,200.0,0.0,200000000.0,1.0,1.0
407,5.0,1000000.0,5.0,1.0,200.0,0.0,200000000.0,1.0,1.0
408,5.0,1000000.0,5.0,1.0,200.0,0.0,200000000.0,1.0,1.0
409,5.0,1000000.0,5.0,1.0,200.0,0.0,200000000.0,1.0,1.0
410,5.0,1000000.0,5.0,1.0,200.0,0.0,200000000.0,1.0,1.0
411,5.0,1000000.0,5.0,1.0,200.0,0.0,200000000.0,1.0,1.0
412,5.0,1000000.0,5.0,1.0,200.0,0.0,200000000.0,1.0,1.0
413,5.0,1000000.0,5.0,1.0,200.0,0.0,200000000.0,1.0,1.0
414,5.0,1000000.0,5.0,1.0,200.0,0.0,200000000.0,1.0,1.0
415,5.0,1000000.0,5.0,1.0,200.0,0.0,200000000.0,1.0,1.0
416,5.0,1000000.0,5.0,1.0,200.0,0.0,200000000.0,1.0,1.0
417,5.33,1000000.0,7.0,1.0,200.0,0.0,200000000.0,1.0,1.0
418,5.0,1000000.0,5.0,1.0,200.0,0.0,200000000.0,1.0,1.0
419,5.0,1000000.0,5.0,1.0,200.0,0.0,200000000.0,1.0,1.0
420,5.0,1000000.0,5.0,1.0,200.0,0.0,200000000.0,1.0,1.0
421,5.0,1000000.0,5.0,1.0,200.0,0.0,200000000.0,1.0,1.0
422,5.0,1000000.0,5.0,1.0,200.0,0.0,200000000.0,1.0,1.0
423,4.9950248756218905,1000000.0,5.0,1.0,201.0,0.0,201000000.0,1.0,2.0
424,5.0,1000000.0,5.0,1.0,200.0,0.0,200000000.0,1.0,1.0
425,5.0,1000000.0,5.0,1.0,200.0,0.0,200000000.0,1.0,1.0
426,5.0,1000000.0,5.0,1.0,200.0,0.0,200000000.0,1.0,1.0
427,5.0,1000000.0,5.0,1.0,200.0,0.0,200000000.0,1.0,1.0
428,5.0,1000000.0,5.0,1.0,200.0,0.0,200000000.0,1.0,1.0
429,5.0,1000000.0,5.0,1.0,200.0,0.0,200000000.0,1.0,1.0
430,5.0,1000000.0,5.0,1.0,200.0,0.0,200000000.0,1.0,1.0
431,5.0,1000000.0,5.0,1.0,200.0,0.0,200000000.0,1.0,1.0
432,5.0,1000000.0,5.0,1.0,200.0,0.0,200000000.0,1.0,1.0
433,5.0,1000000.0,5.0,1.0,200.0,0.0,200000000.0,1.0,1.0
434,5.0049751243781095,1000000.0,6.0,1.0,201.0,0.0,201000000.0,1.0,2.0
435,5.0,1000000.0,5.0,1.0,200.0,0.0,200000000.0,1.0,1.0
436,5.0,1000000.0,5.0,1.0,200.0,0.0,200000000.0,1.0,1.0
437,5.0,1000000.0,5.0,1.0,200.0,0.0,200000000.0,1.0,1.0
438,5.0,1000000.0,5.0,1.0,200.0,0.0,200000000.0,1.0,1.0
439,5.0,1000000.0,5.0,1.0,200.0,0.0,200000000.0,1.0,1.0
440,5.0,1000000.0,5.0,1.0,200.0,0.0,200000000.0,1.0,1.0
441,5.0,1000000.0,5.0,1.0,200.0,0.0,200000000.0,1.0,1.0
442,4.875621890547263,1000000.0,7.0,1.0,201.0,0.0,201000000.0,1.0,2.0
443,5.1,1000000.0,7.0,1.0,200.0,0.0,200000000.0,1.0,1.0
444,5.0,1000000.0,5.0,1.0,200.0,0.0,200000000.0,1.0,1.0
445,5.0,1000000.0,5.0,1.0,200.0,0.0,200000000.0,1.0,1.0
446,5.0,1000000.0,5.0,1.0,200.0,0.0,200000000.0,1.0,1.0
447,5.0,1000000.0,5.0,1.0,199.0,0.0,199000000.0,1.0,1.0
448,5.0,1000000.0,5.0,1.0,201.0,0.0,201000000.0,1.0,1.0
449,5.0,1000000.0,5.0,1.0,199.0,0.0,199000000.0,1.0,1.0
450,5.0,1000000.0,5.0,1.0,201.0,0.0,201000000.0,1.0,1.0
451,5.0,1000000.0,5.0,1.0,200.0,0.0,200000000.0,1.0,1.0
452,5.0,1000000.0,5.0,1.0,200.0,0.0,200000000.0,1.0,1.0
453,5.0,1000000.0,5.0,1.0,200.0,0.0,200000000.0,1.0,1.0
454,5.0,1000000.0,5.0,1.0,200.0,0.0,200000000.0,1.0,1.0
455,5.0,1000000.0,5.0,1.0,200.0,0.0,200000000.0,1.0,1.0
456,5.019900497512438,1000000.0,9.0,1.0,201.0,0.0,201000000.0,1.0,2.0
457,5.0,1000000.0,5.0,1.0,200.0,0.0,200000000.0,1.0,1.0
458,5.0,1000000.0,5.0,1.0,200.0,0.0,200000000.0,1.0,1.0
459,5.0,1000000.0,5.0,1.0,200.0,0.0,200000000.0,1.0,1.0
460,5.0,1000000.0,5.0,1.0,200.0,0.0,200000000.0,1.0,1.0
461,5.0,1000000.0,5.0,1.0,200.0,0.0,200000000.0,1.0,1.0
462,5.0,1000000.0,5.0,1.0,200.0,0.0,200000000.0,1.0,1.0
463,5.0,1000000.0,5.0,1.0,200.0,0.0,200000000.0,1.0,1.0
464,5.0,1000000.0,5.0,1.0,200.0,0.0,200000000.0,1.0,1.0
465,5.0,1000000.0,5.0,1.0,200.0,0.0,200000000.0,1.0,1.0
466,5.0,1000000.0,5.0,1.0,200.0,0.0,200000000.0,1.0,1.0
467,5.0,1000000.0,5.0,1.0,200.0,0.0,200000000.0,1.0,1.0
468,5.0,1000000.0,5.0,1.0,200.0,0.0,200000000.0,1.0,1.0
469,5.019900497512438,1000000.0,9.0,1.0,201.0,0.0,201000000.0,1.0,2.0
470,5.0,1000000.0,5.0,1.0,200.0,0.0,200000000.0,1.0,1.0
471,5.0,1000000.0,5.0,1.0,200.0,0.0,200000000.0,1.0,1.0
472,5.0,1000000.0,5.0,1.0,200.0,0.0,200000000.0,1.0,1.0
473,5.0,1000000.0,5.0,1.0,200.0,0.0,200000000.0,1.0,1.0
474,5.014925373134329,1000000.0,8.0,1.0,201.0,0.0,201000000.0,1.0,2.0
475,5.0,1000000.0,5.0,1.0,200.0,0.0,200000000.0,1.0,1.0
476,5.0,1000000.0,5.0,1.0,200.0,0.0,200000000.0,1.0,1.0
477,5.0,1000000.0,5.0,1.0,200.0,0.0,200000000.0,1.0,1.0
478,5.0,1000000.0,5.0,1.0,200.0,0.0,200000000.0,1.0,1.0
479,5.0,1000000.0,5.0,1.0,200.0,0.0,200000000.0,1.0,1.0
480,5.014925373134329,1000000.0,8.0,1.0,201.0,0.0,201000000.0,1.0,2.0
481,5.0,1000000.0,5.0,1.0,200.0,0.0,200000000.0,1.0,1.0
482,5.0,1000000.0,5.0,1.0,200.0,0.0,200000000.0,1.0,1.0
483,5.0,1000000.0,5.0,1.0,200.0,0.0,200000000.0,1.0,1.0
484,5.0,1000000.0,5.0,1.0,200.0,0.0,200000000.0,1.0,1.0
485,5.0,1000000.0,5.0,1.0,200.0,0.0,200000000.0,1.0,1.0
486,5.0,1000000.0,5.0,1.0,200.0,0.0,200000000.0,1.0,1.0
487,5.0,1000000.0,5.0,1.0,200.0,0.0,200000000.0,1.0,1.0
488,5.0,1000000.0,5.0,1.0,200.0,0.0,200000000.0,1.0,1.0
489,5.0,1000000.0,5.0,1.0,200.0,0.0,200000000.0,1.0,1.0
490,5.0,1000000.0,5.0,1.0,200.0,0.0,200000000.0,1.0,1.0
491,5.0,1000000.0,5.0,1.0,200.0,0.0,200000000.0,1.0,1.0
492,5.0,1000000.0,5.0,1.0,200.0,0.0,200000000.0,1.0,1.0
493,5.05,1000000.0,6.0,1.0,200.0,0.0,200000000.0,1.0,1.0
494,5.0,1000000.0,5.0,1.0,200.0,0.0,200000000.0,1.0,1.0
495,5.0,1000000.0,5.0,1.0,200.0,0.0,200000000.0,1.0,1.0
496,5.0,1000000.0,5.0,1.0,200.0,0.0,200000000.0,1.0,1.0
497,5.0049751243781095,1000000.0,6.0,1.0,201.0,0.0,201000000.0,1.0,2.0
498,5.0,1000000.0,5.0,1.0,200.0,0.0,200000000.0,1.0,1.0
499,6.96,1000000.0,7.0,1.0,200.0,0.0,200000000.0,1.0,1.0
500,7.0,1000000.0,7.0,1.0,200.0,0.0,200000000.0,1.0,1.0
501,7.0,1000000.0,7.0,1.0,200.0,0.0,200000000.0,1.0,1.0
502,7.0,1000000.0,7.0,1.0,200.0,0.0,200000000.0,1.0,1.0
503,7.0,1000000.0,7.0,1.0,200.0,0.0,200000000.0,1.0,1.0
504,7.0,1000000.0,7.0,1.0,200.0,0.0,200000000.0,1.0,1.0
505,7.0,1000000.0,7.0,1.0,200.0,0.0,200000000.0,1.0,1.0
506,7.0,1000000.0,7.0,1.0,200.0,0.0,200000000.0,1.0,1.0
507,7.0,1000000.0,7.0,1.0,200.0,0.0,200000000.0,1.0,1.0
508,7.0,1000000.0,7.0,1.0,200.0,0.0,200000000.0,1.0,1.0
509,7.0,1000000.0,7.0,1.0,200.0,0.0,200000000.0,1.0,1.0
510,7.0,1000000.0,7.0,1.0,200.0,0.0,200000000.0,1.0,1.0
511,7.0,1000000.0,7.0,1.0,200.0,0.0,200000000.0,1.0,1.0
512,7.0,1000000.0,7.0,1.0,200.0,0.0,200000000.0,1.0,1.0
513,7.0,1000000.0,7.0,1.0,200.0,0.0,200000000.0,1.0,1.0
514,6.990049751243781,1000000.0,7.0,1.0,201.0,0.0,201000000.0,1.0,2.0
515,7.0,1000000.0,7.0,1.0,200.0,0.0,200000000.0,1.0,1.0
516,7.0,1000000.0,7.0,1.0,200.0,0.0,200000000.0,1.0,1.0
517,7.0,1000000.0,7.0,1.0,200.0,0.0,200000000.0,1.0,1.0
518,7.0,1000000.0,7.0,1.0,200.0,0.0,200000000.0,1.0,1.0
519,4.145,1000000.0,7.0,1.0,200.0,0.0,200000000.0,1.0,1.0
520,4.0,1000000.0,4.0,1.0,200.0,0.0,200000000.0,1.0,1.0
521,4.0,1000000.0,4.0,1.0,200.0,0.0,200000000.0,1.0,1.0
522,4.0,1000000.0,4.0,1.0,200.0,0.0,200000000.0,1.0,1.0
523,4.0,1000000.0,4.0,1.0,200.0,0.0,200000000.0,1.0,1.0
524,4.0,1000000.0,4.0,1.0,200.0,0.0,200000000.0,1.0,1.0
525,4.0,1000000.0,4.0,1.0,200.0,0.0,200000000.0,1.0,1.0
526,4.0,1000000.0,4.0,1.0,200.0,0.0,200000000.0,1.0,1.0
527,4.0,1000000.0,4.0,1.0,200.0,0.0,200000000.0,1.0,1.0
528,4.0,1000000.0,4.0,1.0,200.0,0.0,200000000.0,1.0,1.0
529,4.0,1000000.0,4.0,1.0,200.0,0.0,200000000.0,1.0,1.0
530,4.0,1000000.0,4.0,1.0,200.0,0.0,200000000.0,1.0,1.0
531,4.0,1000000.0,4.0,1.0,200.0,0.0,200000000.0,1.0,1.0
532,4.0,1000000.0,4.0,1.0,200.0,0.0,200000000.0,1.0,1.0
533,4.0,1000000.0,4.0,1.0,200.0,0.0,200000000.0,1.0,1.0
534,4.0,1000000.0,4.0,1.0,200.0,0.0,200000000.0,1.0,1.0
535,4.0,1000000.0,4.0,1.0,200.0,0.0,200000000.0,1.0,1.0
536,4.0,1000000.0,4.0,1.0,200.0,0.0,200000000.0,1.0,1.0
537,4.0,1000000.0,4.0,1.0,200.0,0.0,200000000.0,1.0,1.0
538,4.0,1000000.0,4.0,1.0,200.0,0.0,200000000.0,1.0,1.0
539,4.0,1000000.0,4.0,1.0,200.0,0.0,200000000.0,1.0,1.0
540,4.0,1000000.0,4.0,1.0,200.0,0.0,200000000.0,1.0,1.0
541,4.0,1000000.0,4.0,1.0,200.0,0.0,200000000.0,1.0,1.0
542,4.0,1000000.0,4.0,1.0,200.0,0.0,200000000.0,1.0,1.0
543,4.0,1000000.0,4.0,1.0,200.0,0.0,200000000.0,1.0,1.0
544,4.0,1000000.0,4.0,1.0,200.0,0.0,200000000.0,1.0,1.0
545,4.0,1000000.0,4.0,1.0,200.0,0.0,200000000.0,1.0,1.0
546,4.0,1000000.0,4.0,1.0,200.0,0.0,200000000.0,1.0,1.0
547,4.0,1000000.0,4.0,1.0,200.0,0.0,200000000.0,1.0,1.0
548,4.0,1000000.0,4.0,1.0,200.0,0.0,200000000.0,1.0,1.0
549,4.0,1000000.0,4.0,1.0,200.0,0.0,200000000.0,1.0,1.0
550,4.0,1000000.0,4.0,1.0,199.0,0.0,199000000.0,1.0,1.0
551,4.0,1000000.0,4.0,1.0,201.0,0.0,201000000.0,1.0,1.0
552,4.0,1000000.0,4.0,1.0,200.0,0.0,200000000.0,1.0,1.0
553,4.0,1000000.0,4.0,1.0,200.0,0.0,200000000.0,1.0,1.0
554,4.0,1000000.0,4.0,1.0,200.0,0.0,200000000.0,1.0,1.0
555,4.0,1000000.0,4.0,1.0,200.0,0.0,200000000.0,1.0,1.0
556,4.0,1000000.0,4.0,1.0,200.0,0.0,200000000.0,1.0,1.0
557,4.0,1000000.0,4.0,1.0,200.0,0.0,200000000.0,1.0,1.0
558,4.0,1000000.0,4.0,1.0,200.0,0.0,200000000.0,1.0,1.0
559,4.0,1000000.0,4.0,1.0,200.0,0.0,200000000.0,1.0,1.0
560,4.0,1000000.0,4.0,1.0,200.0,0.0,200000000.0,1.0,1.0
561,4.0,1000000.0,4.0,1.0,200.0,0.0,200000000.0,1.0,1.0
562,4.0,1000000.0,4.0,1.0,200.0,0.0,200000000.0,1.0,1.0
563,4.0,1000000.0,4.0,1.0,200.0,0.0,200000000.0,1.0,1.0
564,4.0,1000000.0,4.0,1.0,200.0,0.0,200000000.0,1.0,1.0
565,4.0,1000000.0,4.0,1.0,200.0,0.0,200000000.0,1.0,1.0
566,4.0,1000000.0,4.0,1.0,200.0,0.0,200000000.0,1.0,1.0
567,4.009950248756219,1000000.0,6.0,1.0,201.0,0.0,201000000.0,1.0,2.0
568,4.0,1000000.0,4.0,1.0,200.0,0.0,200000000.0,1.0,1.0
569,4.195,1000000.0,7.0,1.0,200.0,0.0,200000000.0,1.0,1.0
570,4.0,1000000.0,4.0,1.0,200.0,0.0,200000000.0,1.0,1.0
571,4.0,1000000.0,4.0,1.0,200.0,0.0,200000000.0,1.0,1.0
572,4.0,1000000.0,4.0,1.0,200.0,0.0,200000000.0,1.0,1.0
573,4.71,1000000.0,6.0,1.0,200.0,0.0,200000000.0,1.0,1.0
574,6.0,1000000.0,6.0,1.0,200.0,0.0,200000000.0,1.0,1.0
575,6.0,1000000.0,6.0,1.0,200.0,0.0,200000000.0,1.0,1.0
576,6.0,1000000.0,6.0,1.0,200.0,0.0,200000000.0,1.0,1.0
577,6.0,1000000.0,6.0,1.0,200.0,0.0,200000000.0,1.0,1.0
578,6.0,1000000.0,6.0,1.0,200.0,0.0,200000000.0,1.0,1.0
579,6.0,1000000.0,6.0,1.0,200.0,0.0,200000000.0,1.0,1.0
580,6.0,1000000.0,6.0,1.0,200.0,0.0,200000000.0,1.0,1.0
581,6.0,1000000.0,6.0,1.0,200.0,0.0,200000000.0,1.0,1.0
582,6.0,1000000.0,6.0,1.0,200.0,0.0,200000000.0,1.0,1.0
583,6.0,1000000.0,6.0,1.0,200.0,0.0,200000000.0,1.0,1.0
584,6.0,1000000.0,6.0,1.0,200.0,0.0,200000000.0,1.0,1.0
585,6.0,1000000.0,6.0,1.0,200.0,0.0,200000000.0,1.0,1.0
586,6.0,1000000.0,6.0,1.0,200.0,0.0,200000000.0,1.0,1.0
587,6.0,1000000.0,6.0,1.0,200.0,0.0,200000000.0,1.0,1.0
588,6.0,1000000.0,6.0,1.0,200.0,0.0,200000000.0,1.0,1.0
589,6.0,1000000.0,6.0,1.0,200.0,0.0,200000000.0,1.0,1.0
590,6.0,1000000.0,6.0,1.0,200.0,0.0,200000000.0,1.0,1.0
591,6.0,1000000.0,6.0,1.0,200.0,0.0,200000000.0,1.0,1.0
592,6.0,1000000.0,6.0,1.0,200.0,0.0,200000000.0,1.0,1.0
593,6.0,1000000.0,6.0,1.0,200.0,0.0,200000000.0,1.0,1.0
594,5.76,1000000.0,6.0,1.0,200.0,0.0,200000000.0,1.0,1.0
595,5.005,1000000.0,7.0,1.0,200.0,0.0,200000000.0,1.0,1.0
596,5.0,1000000.0,5.0,1.0,200.0,0.0,200000000.0,1.0,1.0
597,5.0,1000000.0,5.0,1.0,200.0,0.0,200000000.0,1.0,1.0
598,5.0,1000000.0,5.0,1.0,200.0,0.0,200000000.0,1.0,1.0
599,5.0,1000000.0,5.0,1.0,200.0,0.0,200000000.0,1.0,1.0
600,5.0,1000000.0,5.0,1.0,200.0,0.0,200000000.0,1.0,1.0
601,5.0,1000000.0,5.0,1.0,200.0,0.0,200000000.0,1.0,1.0
602,5.019900497512438,1000000.0,9.0,1.0,201.0,0.0,201000000.0,1.0,2.0
603,5.0,1000000.0,5.0,1.0,200.0,0.0,200000000.0,1.0,1.0
604,5.0,1000000.0,5.0,1.0,200.0,0.0,200000000.0,1.0,1.0
605,5.0,1000000.0,5.0,1.0,200.0,0.0,200000000.0,1.0,1.0
606,5.0,1000000.0,5.0,1.0,200.0,0.0,200000000.0,1.0,1.0
607,5.0,1000000.0,5.0,1.0,199.0,0.0,199000000.0,1.0,1.0
608,5.0,1000000.0,5.0,1.0,201.0,0.0,201000000.0,1.0,1.0
609,5.0,1000000.0,5.0,1.0,200.0,0.0,200000000.0,1.0,1.0
610,5.0,1000000.0,5.0,1.0,200.0,0.0,200000000.0,1.0,1.0
611,5.0,1000000.0,5.0,1.0,200.0,0.0,200000000.0,1.0,1.0
612,5.0,1000000.0,5.0,1.0,200.0,0.0,200000000.0,1.0,1.0
613,5.0,1000000.0,5.0,1.0,200.0,0.0,200000000.0,1.0,1.0
614,5.0,1000000.0,5.0,1.0,200.0,0.0,200000000.0,1.0,1.0
615,5.0,1000000.0,5.0,1.0,200.0,0.0,200000000.0,1.0,1.0
616,5.0,1000000.0,5.0,1.0,200.0,0.0,200000000.0,1.0,1.0
617,5.0,1000000.0,5.0,1.0,200.0,0.0,200000000.0,1.0,1.0
618,5.014925373134329,1000000.0,8.0,1.0,201.0,0.0,201000000.0,1.0,2.0
619,5.0,1000000.0,5.0,1.0,200.0,0.0,200000000.0,1.0,1.0
620,5.0,1000000.0,5.0,1.0,200.0,0.0,200000000.0,1.0,1.0
621,5.0,1000000.0,5.0,1.0,200.0,0.0,200000000.0,1.0,1.0
622,5.0,1000000.0,5.0,1.0,200.0,0.0,200000000.0,1.0,1.0
623,5.0,1000000.0,5.0,1.0,200.0,0.0,200000000.0,1.0,1.0
624,5.0,1000000.0,5.0,1.0,200.0,0.0,200000000.0,1.0,1.0
625,5.0,1000000.0,5.0,1.0,200.0,0.0,200000000.0,1.0,1.0
626,5.0,1000000.0,5.0,1.0,200.0,0.0,200000000.0,1.0,1.0
627,5.0,1000000.0,5.0,1.0,200.0,0.0,200000000.0,1.0,1.0
628,5.0,1000000.0,5.0,1.0,200.0,0.0,200000000.0,1.0,1.0
629,5.0,1000000.0,5.0,1.0,200.0,0.0,200000000.0,1.0,1.0
630,5.0,1000000.0,5.0,1.0,200.0,0.0,200000000.0,1.0,1.0
631,5.024875621890548,1000000.0,10.0,1.0,201.0,0.0,201000000.0,1.0,2.0
632,5.0,1000000.0,5.0,1.0,200.0,0.0,200000000.0,1.0,1.0
633,5.0,1000000.0,5.0,1.0,200.0,0.0,200000000.0,1.0,1.0
634,5.0,1000000.0,5.0,1.0,200.0,0.0,200000000.0,1.0,1.0
635,5.0,1000000.0,5.0,1.0,200.0,0.0,200000000.0,1.0,1.0
636,5.0,1000000.0,5.0,1.0,200.0,0.0,200000000.0,1.0,1.0
637,5.0,1000000.0,5.0,1.0,200.0,0.0,200000000.0,1.0,1.0
638,5.0,1000000.0,5.0,1.0,200.0,0.0,200000000.0,1.0,1.0
639,5.0,1000000.0,5.0,1.0,200.0,0.0,200000000.0,1.0,1.0
640,5.0,1000000.0,5.0,1.0,200.0,0.0,200000000.0,1.0,1.0
641,4.9950248756218905,1000000.0,5.0,1.0,201.0,0.0,201000000.0,1.0,2.0
642,5.0,1000000.0,5.0,1.0,200.0,0.0,200000000.0,1.0,1.0
643,5.0,1000000.0,5.0,1.0,200.0,0.0,200000000.0,1.0,1.0
644,5.0,1000000.0,5.0,1.0,200.0,0.0,200000000.0,1.0,1.0
645,5.275,1000000.0,7.0,1.0,200.0,0.0,200000000.0,1.0,1.0
646,5.0,1000000.0,5.0,1.0,200.0,0.0,200000000.0,1.0,1.0
647,5.0,1000000.0,5.0,1.0,200.0,0.0,200000000.0,1.0,1.0
648,6.13,1000000.0,7.0,1.0,200.0,0.0,200000000.0,1.0,1.0
649,7.0,1000000.0,7.0,1.0,200.0,0.0,200000000.0,1.0,1.0
650,7.0,1000000.0,7.0,1.0,200.0,0.0,200000000.0,1.0,1.0
651,7.0,1000000.0,7.0,1.0,200.0,0.0,200000000.0,1.0,1.0
652,7.0,1000000.0,7.0,1.0,200.0,0.0,200000000.0,1.0,1.0
653,6.07,1000000.0,7.0,1.0,200.0,0.0,200000000.0,1.0,1.0
654,4.0,1000000.0,4.0,1.0,200.0,0.0,200000000.0,1.0,1.0
655,4.0,1000000.0,4.0,1.0,200.0,0.0,200000000.0,1.0,1.0
656,4.0,1000000.0,4.0,1.0,200.0,0.0,200000000.0,1.0,1.0
657,4.0,1000000.0,4.0,1.0,200.0,0.0,200000000.0,1.0,1.0
658,4.0,1000000.0,4.0,1.0,200.0,0.0,200000000.0,1.0,1.0
659,4.0,1000000.0,4.0,1.0,200.0,0.0,200000000.0,1.0,1.0
660,4.0,1000000.0,4.0,1.0,200.0,0.0,200000000.0,1.0,1.0
661,4.0,1000000.0,4.0,1.0,200.0,0.0,200000000.0,1.0,1.0
662,4.0,1000000.0,4.0,1.0,200.0,0.0,200000000.0,1.0,1.0
663,4.0,1000000.0,4.0,1.0,200.0,0.0,200000000.0,1.0,1.0
664,4.0,1000000.0,4.0,1.0,200.0,0.0,200000000.0,1.0,1.0
665,4.0,1000000.0,4.0,1.0,200.0,0.0,200000000.0,1.0,1.0
666,4.0,1000000.0,4.0,1.0,200.0,0.0,200000000.0,1.0,1.0
667,4.0,1000000.0,4.0,1.0,200.0,0.0,200000000.0,1.0,1.0
668,4.0,1000000.0,4.0,1.0,200.0,0.0,200000000.0,1.0,1.0
669,4.0,1000000.0,4.0,1.0,200.0,0.0,200000000.0,1.0,1.0
670,4.34,1000000.0,7.0,1.0,200.0,0.0,200000000.0,1.0,1.0
671,4.165,1000000.0,6.0,1.0,200.0,0.0,200000000.0,1.0,1.0
672,4.0,1000000.0,4.0,1.0,200.0,0.0,200000000.0,1.0,1.0
673,4.0,1000000.0,4.0,1.0,200.0,0.0,200000000.0,1.0,1.0
674,4.0,1000000.0,4.0,1.0,200.0,0.0,200000000.0,1.0,1.0
675,4.0,1000000.0,4.0,1.0,200.0,0.0,200000000.0,1.0,1.0
676,4.0,1000000.0,4.0,1.0,200.0,0.0,200000000.0,1.0,1.0
677,4.0,1000000.0,4.0,1.0,199.0,0.0,199000000.0,1.0,1.0
678,4.0,1000000.0,4.0,1.0,201.0,0.0,201000000.0,1.0,1.0
679,4.0,1000000.0,4.0,1.0,199.0,0.0,199000000.0,1.0,1.0
680,4.0,1000000.0,4.0,1.0,201.0,0.0,201000000.0,1.0,1.0
681,4.0,1000000.0,4.0,1.0,200.0,0.0,200000000.0,1.0,1.0
682,4.0,1000000.0,4.0,1.0,200.0,0.0,200000000.0,1.0,1.0
683,4.0,1000000.0,4.0,1.0,200.0,0.0,200000000.0,1.0,1.0
684,4.0,1000000.0,4.0,1.0,200.0,0.0,200000000.0,1.0,1.0
685,4.0,1000000.0,4.0,1.0,200.0,0.0,200000000.0,1.0,1.0
686,4.0,1000000.0,4.0,1.0,200.0,0.0,200000000.0,1.0,1.0
687,4.0,1000000.0,4.0,1.0,200.0,0.0,200000000.0,1.0,1.0
688,4.0,1000000.0,4.0,1.0,200.0,0.0,200000000.0,1.0,1.0
689,4.0,1000000.0,4.0,1.0,200.0,0.0,200000000.0,1.0,1.0
690,4.0,1000000.0,4.0,1.0,200.0,0.0,200000000.0,1.0,1.0
691,4.0,1000000.0,4.0,1.0,200.0,0.0,200000000.0,1.0,1.0
692,4.0,1000000.0,4.0,1.0,200.0,0.0,200000000.0,1.0,1.0
693,4.0,1000000.0,4.0,1.0,200.0,0.0,200000000.0,1.0,1.0
694,4.0,1000000.0,4.0,1.0,200.0,0.0,200000000.0,1.0,1.0
695,4.0,1000000.0,4.0,1.0,200.0,0.0,200000000.0,1.0,1.0
696,4.0,1000000.0,4.0,1.0,200.0,0.0,200000000.0,1.0,1.0
697,4.0,1000000.0,4.0,1.0,200.0,0.0,200000000.0,1.0,1.0
698,4.0,1000000.0,4.0,1.0,200.0,0.0,200000000.0,1.0,1.0
699,4.0,1000000.0,4.0,1.0,199.0,0.0,199000000.0,1.0,1.0
700,4.0,1000000.0,4.0,1.0,201.0,0.0,201000000.0,1.0,1.0
701,4.0,1000000.0,4.0,1.0,200.0,0.0,200000000.0,1.0,1.0
702,4.0,1000000.0,4.0,1.0,199.0,0.0,199000000.0,1.0,1.0
703,4.0,1000000.0,4.0,1.0,201.0,0.0,201000000.0,1.0,1.0
704,4.0,1000000.0,4.0,1.0,200.0,0.0,200000000.0,1.0,1.0
705,4.0,1000000.0,4.0,1.0,199.0,0.0,199000000.0,1.0,1.0
706,4.0,1000000.0,4.0,1.0,201.0,0.0,201000000.0,1.0,1.0
707,4.0,1000000.0,4.0,1.0,200.0,0.0,200000000.0,1.0,1.0
708,4.0,1000000.0,4.0,1.0,200.0,0.0,200000000.0,1.0,1.0
709,4.0,1000000.0,4.0,1.0,200.0,0.0,200000000.0,1.0,1.0
710,4.0049751243781095,1000000.0,5.0,1.0,201.0,0.0,201000000.0,1.0,2.0
711,4.0,1000000.0,4.0,1.0,200.0,0.0,200000000.0,1.0,1.0
712,4.0,1000000.0,4.0,1.0,200.0,0.0,200000000.0,1.0,1.0
713,4.0,1000000.0,4.0,1.0,200.0,0.0,200000000.0,1.0,1.0
714,4.0,1000000.0,4.0,1.0,200.0,0.0,200000000.0,1.0,1.0
715,4.0,1000000.0,4.0,1.0,200.0,0.0,200000000.0,1.0,1.0
716,4.0,1000000.0,4.0,1.0,200.0,0.0,200000000.0,1.0,1.0
717,4.0,1000000.0,4.0,1.0,200.0,0.0,200000000.0,1.0,1.0
718,4.661691542288557,1000000.0,7.0,1.0,201.0,0.0,201000000.0,1.0,2.0
719,7.0,1000000.0,7.0,1.0,200.0,0.0,200000000.0,1.0,1.0
720,7.0,1000000.0,7.0,1.0,200.0,0.0,200000000.0,1.0,1.0
721,6.22,1000000.0,7.0,1.0,200.0,0.0,200000000.0,1.0,1.0
722,6.0,1000000.0,6.0,1.0,200.0,0.0,200000000.0,1.0,1.0
723,6.0,1000000.0,6.0,1.0,200.0,0.0,200000000.0,1.0,1.0
724,6.0,1000000.0,6.0,1.0,200.0,0.0,200000000.0,1.0,1.0
725,6.0,1000000.0,6.0,1.0,200.0,0.0,200000000.0,1.0,1.0
726,5.990049751243781,1000000.0,6.0,1.0,201.0,0.0,201000000.0,1.0,2.0
727,6.0,1000000.0,6.0,1.0,200.0,0.0,200000000.0,1.0,1.0
728,6.0,1000000.0,6.0,1.0,200.0,0.0,200000000.0,1.0,1.0
729,6.0,1000000.0,6.0,1.0,200.0,0.0,200000000.0,1.0,1.0
730,6.0,1000000.0,6.0,1.0,200.0,0.0,200000000.0,1.0,1.0
731,6.0,1000000.0,6.0,1.0,200.0,0.0,200000000.0,1.0,1.0
732,6.0,1000000.0,6.0,1.0,200.0,0.0,200000000.0,1.0,1.0
733,6.0,1000000.0,6.0,1.0,200.0,0.0,200000000.0,1.0,1.0
734,6.0,1000000.0,6.0,1.0,200.0,0.0,200000000.0,1.0,1.0
735,6.0,1000000.0,6.0,1.0,200.0,0.0,200000000.0,1.0,1.0
736,6.0,1000000.0,6.0,1.0,200.0,0.0,200000000.0,1.0,1.0
737,6.0,1000000.0,6.0,1.0,200.0,0.0,200000000.0,1.0,1.0
738,6.0,1000000.0,6.0,1.0,200.0,0.0,200000000.0,1.0,1.0
739,6.0,1000000.0,6.0,1.0,200.0,0.0,200000000.0,1.0,1.0
740,6.0,1000000.0,6.0,1.0,200.0,0.0,200000000.0,1.0,1.0
741,6.0,1000000.0,6.0,1.0,200.0,0.0,200000000.0,1.0,1.0
742,6.0,1000000.0,6.0,1.0,200.0,0.0,200000000.0,1.0,1.0
743,6.0,1000000.0,6.0,1.0,200.0,0.0,200000000.0,1.0,1.0
744,6.0,1000000.0,6.0,1.0,200.0,0.0,200000000.0,1.0,1.0
745,6.0,1000000.0,6.0,1.0,200.0,0.0,200000000.0,1.0,1.0
746,5.825,1000000.0,6.0,1.0,200.0,0.0,200000000.0,1.0,1.0
747,5.0,1000000.0,5.0,1.0,200.0,0.0,200000000.0,1.0,1.0
748,5.0,1000000.0,5.0,1.0,200.0,0.0,200000000.0,1.0,1.0
749,5.0,1000000.0,5.0,1.0,200.0,0.0,200000000.0,1.0,1.0
750,5.0,1000000.0,5.0,1.0,200.0,0.0,200000000.0,1.0,1.0
751,5.0,1000000.0,5.0,1.0,200.0,0.0,200000000.0,1.0,1.0
752,5.0,1000000.0,5.0,1.0,200.0,0.0,200000000.0,1.0,1.0
753,5.0,1000000.0,5.0,1.0,200.0,0.0,200000000.0,1.0,1.0
754,5.0,1000000.0,5.0,1.0,199.0,0.0,199000000.0,1.0,1.0
755,5.0,1000000.0,5.0,1.0,201.0,0.0,201000000.0,1.0,1.0
756,5.0,1000000.0,5.0,1.0,200.0,0.0,200000000.0,1.0,1.0
757,5.0,1000000.0,5.0,1.0,200.0,0.0,200000000.0,1.0,1.0
758,5.0,1000000.0,5.0,1.0,200.0,0.0,200000000.0,1.0,1.0
759,5.0,1000000.0,5.0,1.0,200.0,0.0,200000000.0,1.0,1.0
760,5.0,1000000.0,5.0,1.0,200.0,0.0,200000000.0,1.0,1.0
761,5.0,1000000.0,5.0,1.0,200.0,0.0,200000000.0,1.0,1.0
762,5.0,1000000.0,5.0,1.0,200.0,0.0,200000000.0,1.0,1.0
763,5.0,1000000.0,5.0,1.0,200.0,0.0,200000000.0,1.0,1.0
764,5.019900497512438,1000000.0,9.0,1.0,201.0,0.0,201000000.0,1.0,2.0
765,5.0,1000000.0,5.0,1.0,200.0,0.0,200000000.0,1.0,1.0
766,5.014925373134329,1000000.0,8.0,1.0,201.0,0.0,201000000.0,1.0,2.0
767,5.0,1000000.0,5.0,1.0,200.0,0.0,200000000.0,1.0,1.0
768,5.0,1000000.0,5.0,1.0,200.0,0.0,200000000.0,1.0,1.0
769,5.0,1000000.0,5.0,1.0,200.0,0.0,200000000.0,1.0,1.0
770,5.0,1000000.0,5.0,1.0,200.0,0.0,200000000.0,1.0,1.0
771,5.0,1000000.0,5.0,1.0,200.0,0.0,200000000.0,1.0,1.0
772,5.0,1000000.0,5.0,1.0,200.0,0.0,200000000.0,1.0,1.0
773,5.0,1000000.0,5.0,1.0,200.0,0.0,200000000.0,1.0,1.0
774,5.0,1000000.0,5.0,1.0,200.0,0.0,200000000.0,1.0,1.0
775,5.0,1000000.0,5.0,1.0,200.0,0.0,200000000.0,1.0,1.0
776,5.0,1000000.0,5.0,1.0,200.0,0.0,200000000.0,1.0,1.0
777,5.0,1000000.0,5.0,1.0,200.0,0.0,200000000.0,1.0,1.0
778,5.0,1000000.0,5.0,1.0,200.0,0.0,200000000.0,1.0,1.0
779,5.0,1000000.0,5.0,1.0,200.0,0.0,200000000.0,1.0,1.0
780,5.0,1000000.0,5.0,1.0,199.0,0.0,199000000.0,1.0,1.0
781,5.0,1000000.0,5.0,1.0,201.0,0.0,201000000.0,1.0,1.0
782,5.0,1000000.0,5.0,1.0,200.0,0.0,200000000.0,1.0,1.0
783,5.0,1000000.0,5.0,1.0,200.0,0.0,200000000.0,1.0,1.0
784,5.0,1000000.0,5.0,1.0,200.0,0.0,200000000.0,1.0,1.0
785,5.0,1000000.0,5.0,1.0,200.0,0.0,200000000.0,1.0,1.0
786,5.0,1000000.0,5.0,1.0,200.0,0.0,200000000.0,1.0,1.0
787,5.0,1000000.0,5.0,1.0,200.0,0.0,200000000.0,1.0,1.0
788,5.0,1000000.0,5.0,1.0,200.0,0.0,200000000.0,1.0,1.0
789,5.0,1000000.0,5.0,1.0,200.0,0.0,200000000.0,1.0,1.0
790,5.0,1000000.0,5.0,1.0,200.0,0.0,200000000.0,1.0,1.0
791,5.455,1000000.0,7.0,1.0,200.0,0.0,200000000.0,1.0,1.0
792,4.939698492462312,1000000.0,7.0,1.0,199.0,0.0,199000000.0,1.0,1.0
793,6.135,1000000.0,7.0,1.0,200.0,0.0,200000000.0,1.0,1.0
794,6.0,1000000.0,6.0,1.0,200.0,0.0,200000000.0,1.0,1.0
795,6.0,1000000.0,6.0,1.0,200.0,0.0,200000000.0,1.0,1.0
796,6.0,1000000.0,6.0,1.0,200.0,0.0,200000000.0,1.0,1.0
797,5.666666666666667,1000000.0,6.0,1.0,201.0,0.0,201000000.0,1.0,2.0
798,5.0,1000000.0,5.0,1.0,200.0,0.0,200000000.0,1.0,1.0
799,4.33,1000000.0,5.0,1.0,200.0,0.0,200000000.0,1.0,1.0
800,4.0,1000000.0,4.0,1.0,200.0,0.0,200000000.0,1.0,1.0
801,4.0,1000000.0,4.0,1.0,200.0,0.0,200000000.0,1.0,1.0
802,4.0,1000000.0,4.0,1.0,200.0,0.0,200000000.0,1.0,1.0
803,4.0,1000000.0,4.0,1.0,200.0,0.0,200000000.0,1.0,1.0
804,4.009950248756219,1000000.0,6.0,1.0,201.0,0.0,201000000.0,1.0,2.0
805,4.0,1000000.0,4.0,1.0,200.0,0.0,200000000.0,1.0,1.0
806,4.0,1000000.0,4.0,1.0,200.0,0.0,200000000.0,1.0,1.0
807,6.16,1000000.0,7.0,1.0,200.0,0.0,200000000.0,1.0,1.0
808,7.0,1000000.0,7.0,1.0,200.0,0.0,200000000.0,1.0,1.0
809,7.0,1000000.0,7.0,1.0,200.0,0.0,200000000.0,1.0,1.0
810,7.0,1000000.0,7.0,1.0,200.0,0.0,200000000.0,1.0,1.0
811,7.0,1000000.0,7.0,1.0,200.0,0.0,200000000.0,1.0,1.0
812,7.0,1000000.0,7.0,1.0,199.0,0.0,199000000.0,1.0,1.0
813,7.0,1000000.0,7.0,1.0,201.0,0.0,201000000.0,1.0,1.0
814,7.0,1000000.0,7.0,1.0,200.0,0.0,200000000.0,1.0,1.0
815,6.9950248756218905,1000000.0,7.0,1.0,201.0,0.0,201000000.0,1.0,2.0
816,7.0,1000000.0,7.0,1.0,200.0,0.0,200000000.0,1.0,1.0
817,7.0,1000000.0,7.0,1.0,200.0,0.0,200000000.0,1.0,1.0
818,7.0,1000000.0,7.0,1.0,200.0,0.0,200000000.0,1.0,1.0
819,7.0,1000000.0,7.0,1.0,200.0,0.0,200000000.0,1.0,1.0
820,7.0,1000000.0,7.0,1.0,200.0,0.0,200000000.0,1.0,1.0
821,7.0,1000000.0,7.0,1.0,200.0,0.0,200000000.0,1.0,1.0
822,7.0,1000000.0,7.0,1.0,200.0,0.0,200000000.0,1.0,1.0
823,7.0,1000000.0,7.0,1.0,200.0,0.0,200000000.0,1.0,1.0
824,7.0,1000000.0,7.0,1.0,200.0,0.0,200000000.0,1.0,1.0
825,7.0,1000000.0,7.0,1.0,200.0,0.0,200000000.0,1.0,1.0
826,7.0,1000000.0,7.0,1.0,200.0,0.0,200000000.0,1.0,1.0
827,7.0,1000000.0,7.0,1.0,200.0,0.0,200000000.0,1.0,1.0
828,7.0,1000000.0,7.0,1.0,200.0,0.0,200000000.0,1.0,1.0
829,7.0,1000000.0,7.0,1.0,200.0,0.0,200000000.0,1.0,1.0
830,7.0,1000000.0,7.0,1.0,200.0,0.0,200000000.0,1.0,1.0
831,7.0,1000000.0,7.0,1.0,200.0,0.0,200000000.0,1.0,1.0
832,7.0,1000000.0,7.0,1.0,200.0,0.0,200000000.0,1.0,1.0
833,7.0,1000000.0,7.0,1.0,200.0,0.0,200000000.0,1.0,1.0
834,7.0,1000000.0,7.0,1.0,200.0,0.0,200000000.0,1.0,1.0
835,7.0,1000000.0,7.0,1.0,200.0,0.0,200000000.0,1.0,1.0
836,7.0,1000000.0,7.0,1.0,200.0,0.0,200000000.0,1.0,1.0
837,7.0,1000000.0,7.0,1.0,200.0,0.0,200000000.0,1.0,1.0
838,7.0,1000000.0,7.0,1.0,200.0,0.0,200000000.0,1.0,1.0
839,7.0,1000000.0,7.0,1.0,200.0,0.0,200000000.0,1.0,1.0
840,7.0,1000000.0,7.0,1.0,200.0,0.0,200000000.0,1.0,1.0
841,7.0,1000000.0,7.0,1.0,200.0,0.0,200000000.0,1.0,1.0
842,7.0,1000000.0,7.0,1.0,200.0,0.0,200000000.0,1.0,1.0
843,7.0,1000000.0,7.0,1.0,200.0,0.0,200000000.0,1.0,1.0
844,7.0,1000000.0,7.0,1.0,200.0,0.0,200000000.0,1.0,1.0
845,7.0,1000000.0,7.0,1.0,200.0,0.0,200000000.0,1.0,1.0
846,7.0,1000000.0,7.0,1.0,200.0,0.0,200000000.0,1.0,1.0
847,7.0,1000000.0,7.0,1.0,200.0,0.0,200000000.0,1.0,1.0
848,7.0,1000000.0,7.0,1.0,199.0,0.0,199000000.0,1.0,1.0
849,7.0,1000000.0,7.0,1.0,201.0,0.0,201000000.0,1.0,1.0
850,7.0,1000000.0,7.0,1.0,200.0,0.0,200000000.0,1.0,1.0
851,7.0,1000000.0,7.0,1.0,199.0,0.0,199000000.0,1.0,1.0
852,7.0,1000000.0,7.0,1.0,201.0,0.0,201000000.0,1.0,1.0
853,7.0,1000000.0,7.0,1.0,200.0,0.0,200000000.0,1.0,1.0
854,7.0,1000000.0,7.0,1.0,200.0,0.0,200000000.0,1.0,1.0
855,7.0,1000000.0,7.0,1.0,200.0,0.0,200000000.0,1.0,1.0
856,7.0,1000000.0,7.0,1.0,200.0,0.0,200000000.0,1.0,1.0
857,7.0,1000000.0,7.0,1.0,200.0,0.0,200000000.0,1.0,1.0
858,7.0,1000000.0,7.0,1.0,200.0,0.0,200000000.0,1.0,1.0
859,7.0,1000000.0,7.0,1.0,200.0,0.0,200000000.0,1.0,1.0
860,7.0,1000000.0,7.0,1.0,200.0,0.0,200000000.0,1.0,1.0
861,7.0,1000000.0,7.0,1.0,200.0,0.0,200000000.0,1.0,1.0
862,7.0,1000000.0,7.0,1.0,200.0,0.0,200000000.0,1.0,1.0
863,7.0,1000000.0,7.0,1.0,200.0,0.0,200000000.0,1.0,1.0
864,7.0,1000000.0,7.0,1.0,200.0,0.0,200000000.0,1.0,1.0
865,7.0,1000000.0,7.0,1.0,200.0,0.0,200000000.0,1.0,1.0
866,7.0,1000000.0,7.0,1.0,200.0,0.0,200000000.0,1.0,1.0
867,7.0,1000000.0,7.0,1.0,200.0,0.0,200000000.0,1.0,1.0
868,7.0,1000000.0,7.0,1.0,200.0,0.0,200000000.0,1.0,1.0
869,7.0,1000000.0,7.0,1.0,200.0,0.0,200000000.0,1.0,1.0
870,7.0,1000000.0,7.0,1.0,200.0,0.0,200000000.0,1.0,1.0
871,7.0,1000000.0,7.0,1.0,200.0,0.0,200000000.0,1.0,1.0
872,7.0,1000000.0,7.0,1.0,200.0,0.0,200000000.0,1.0,1.0
873,6.13,1000000.0,7.0,1.0,200.0,0.0,200000000.0,1.0,1.0
874,6.0,1000000.0,6.0,1.0,200.0,0.0,200000000.0,1.0,1.0
875,5.990049751243781,1000000.0,6.0,1.0,201.0,0.0,201000000.0,1.0,2.0
876,6.0,1000000.0,6.0,1.0,200.0,0.0,200000000.0,1.0,1.0
877,6.0,1000000.0,6.0,1.0,200.0,0.0,200000000.0,1.0,1.0
878,6.0,1000000.0,6.0,1.0,200.0,0.0,200000000.0,1.0,1.0
879,6.0,1000000.0,6.0,1.0,200.0,0.0,200000000.0,1.0,1.0
880,6.0,1000000.0,6.0,1.0,200.0,0.0,200000000.0,1.0,1.0
881,6.0,1000000.0,6.0,1.0,200.0,0.0,200000000.0,1.0,1.0
882,6.0,1000000.0,6.0,1.0,200.0,0.0,200000000.0,1.0,1.0
883,6.0,1000000.0,6.0,1.0,200.0,0.0,200000000.0,1.0,1.0
884,6.0,1000000.0,6.0,1.0,200.0,0.0,200000000.0,1.0,1.0
885,6.0,1000000.0,6.0,1.0,200.0,0.0,200000000.0,1.0,1.0
886,6.0,1000000.0,6.0,1.0,200.0,0.0,200000000.0,1.0,1.0
887,5.9950248756218905,1000000.0,6.0,1.0,201.0,0.0,201000000.0,1.0,2.0
888,6.0,1000000.0,6.0,1.0,200.0,0.0,200000000.0,1.0,1.0
889,6.0,1000000.0,6.0,1.0,200.0,0.0,200000000.0,1.0,1.0
890,6.0,1000000.0,6.0,1.0,200.0,0.0,200000000.0,1.0,1.0
891,6.92,1000000.0,7.0,1.0,200.0,0.0,200000000.0,1.0,1.0
892,7.0,1000000.0,7.0,1.0,200.0,0.0,200000000.0,1.0,1.0
893,7.0,1000000.0,7.0,1.0,200.0,0.0,200000000.0,1.0,1.0
894,7.0,1000000.0,7.0,1.0,200.0,0.0,200000000.0,1.0,1.0
895,6.990049751243781,1000000.0,7.0,1.0,201.0,0.0,201000000.0,1.0,2.0
896,7.0,1000000.0,7.0,1.0,200.0,0.0,200000000.0,1.0,1.0
897,7.0,1000000.0,7.0,1.0,200.0,0.0,200000000.0,1.0,1.0
898,7.0,1000000.0,7.0,1.0,200.0,0.0,200000000.0,1.0,1.0
899,7.0,1000000.0,7.0,1.0,200.0,0.0,200000000.0,1.0,1.0
900,7.0,1000000.0,7.0,1.0,200.0,0.0,200000000.0,1.0,1.0
901,7.0,1000000.0,7.0,1.0,200.0,0.0,200000000.0,1.0,1.0
902,7.0,1000000.0,7.0,1.0,200.0,0.0,200000000.0,1.0,1.0
903,7.0,1000000.0,7.0,1.0,200.0,0.0,200000000.0,1.0,1.0
904,7.0,1000000.0,7.0,1.0,200.0,0.0,200000000.0,1.0,1.0
905,7.0,1000000.0,7.0,1.0,200.0,0.0,200000000.0,1.0,1.0
906,7.0,1000000.0,7.0,1.0,200.0,0.0,200000000.0,1.0,1.0
907,7.0,1000000.0,7.0,1.0,200.0,0.0,200000000.0,1.0,1.0
908,7.0,1000000.0,7.0,1.0,200.0,0.0,200000000.0,1.0,1.0
909,7.0,1000000.0,7.0,1.0,200.0,0.0,200000000.0,1.0,1.0
910,7.0,1000000.0,7.0,1.0,200.0,0.0,200000000.0,1.0,1.0
911,7.0,1000000.0,7.0,1.0,200.0,0.0,200000000.0,1.0,1.0
912,7.0,1000000.0,7.0,1.0,200.0,0.0,200000000.0,1.0,1.0
913,7.0,1000000.0,7.0,1.0,200.0,0.0,200000000.0,1.0,1.0
914,7.0,1000000.0,7.0,1.0,200.0,0.0,200000000.0,1.0,1.0
915,7.0,1000000.0,7.0,1.0,200.0,0.0,200000000.0,1.0,1.0
916,7.0,1000000.0,7.0,1.0,200.0,0.0,200000000.0,1.0,1.0
917,7.0,1000000.0,7.0,1.0,200.0,0.0,200000000.0,1.0,1.0
918,7.0,1000000.0,7.0,1.0,200.0,0.0,200000000.0,1.0,1.0
919,7.0,1000000.0,7.0,1.0,200.0,0.0,200000000.0,1.0,1.0
920,7.0,1000000.0,7.0,1.0,200.0,0.0,200000000.0,1.0,1.0
921,7.0,1000000.0,7.0,1.0,200.0,0.0,200000000.0,1.0,1.0
922,7.0,1000000.0,7.0,1.0,200.0,0.0,200000000.0,1.0,1.0
923,7.0,1000000.0,7.0,1.0,200.0,0.0,200000000.0,1.0,1.0
924,7.0,1000000.0,7.0,1.0,200.0,0.0,200000000.0,1.0,1.0
925,7.0,1000000.0,7.0,1.0,200.0,0.0,200000000.0,1.0,1.0
926,7.0,1000000.0,7.0,1.0,200.0,0.0,200000000.0,1.0,1.0
927,7.0,1000000.0,7.0,1.0,200.0,0.0,200000000.0,1.0,1.0
928,7.0,1000000.0,7.0,1.0,200.0,0.0,200000000.0,1.0,1.0
929,7.0,1000000.0,7.0,1.0,200.0,0.0,200000000.0,1.0,1.0
930,7.0,1000000.0,7.0,1.0,200.0,0.0,200000000.0,1.0,1.0
931,7.0,1000000.0,7.0,1.0,200.0,0.0,200000000.0,1.0,1.0
932,7.0,1000000.0,7.0,1.0,200.0,0.0,200000000.0,1.0,1.0
933,7.0,1000000.0,7.0,1.0,200.0,0.0,200000000.0,1.0,1.0
934,7.0,1000000.0,7.0,1.0,200.0,0.0,200000000.0,1.0,1.0
935,7.0,1000000.0,7.0,1.0,200.0,0.0,200000000.0,1.0,1.0
936,7.0,1000000.0,7.0,1.0,200.0,0.0,200000000.0,1.0,1.0
937,7.0,1000000.0,7.0,1.0,200.0,0.0,200000000.0,1.0,1.0
938,7.0,1000000.0,7.0,1.0,200.0,0.0,200000000.0,1.0,1.0
939,7.0,1000000.0,7.0,1.0,200.0,0.0,200000000.0,1.0,1.0
940,7.0,1000000.0,7.0,1.0,200.0,0.0,200000000.0,1.0,1.0
941,7.0,1000000.0,7.0,1.0,200.0,0.0,200000000.0,1.0,1.0
942,7.0,1000000.0,7.0,1.0,200.0,0.0,200000000.0,1.0,1.0
943,7.0,1000000.0,7.0,1.0,200.0,0.0,200000000.0,1.0,1.0
944,7.0,1000000.0,7.0,1.0,200.0,0.0,200000000.0,1.0,1.0
945,7.0,1000000.0,7.0,1.0,200.0,0.0,200000000.0,1.0,1.0
946,7.0,1000000.0,7.0,1.0,200.0,0.0,200000000.0,1.0,1.0
947,7.0,1000000.0,7.0,1.0,200.0,0.0,200000000.0,1.0,1.0
948,7.0,1000000.0,7.0,1.0,200.0,0.0,200000000.0,1.0,1.0
949,5.975,1000000.0,7.0,1.0,200.0,0.0,200000000.0,1.0,1.0
950,6.0,1000000.0,6.0,1.0,200.0,0.0,200000000.0,1.0,1.0
951,6.0,1000000.0,6.0,1.0,200.0,0.0,200000000.0,1.0,1.0
952,6.0,1000000.0,6.0,1.0,200.0,0.0,200000000.0,1.0,1.0
953,6.0,1000000.0,6.0,1.0,200.0,0.0,200000000.0,1.0,1.0
954,6.0,1000000.0,6.0,1.0,200.0,0.0,200000000.0,1.0,1.0
955,6.0,1000000.0,6.0,1.0,200.0,0.0,200000000.0,1.0,1.0
956,6.0,1000000.0,6.0,1.0,200.0,0.0,200000000.0,1.0,1.0
957,6.0,1000000.0,6.0,1.0,200.0,0.0,200000000.0,1.0,1.0
958,6.0,1000000.0,6.0,1.0,200.0,0.0,200000000.0,1.0,1.0
959,6.0,1000000.0,6.0,1.0,200.0,0.0,200000000.0,1.0,1.0
960,6.0,1000000.0,6.0,1.0,200.0,0.0,200000000.0,1.0,1.0
961,6.0,1000000.0,6.0,1.0,200.0,0.0,200000000.0,1.0,1.0
962,6.0,1000000.0,6.0,1.0,200.0,0.0,200000000.0,1.0,1.0
963,6.0,1000000.0,6.0,1.0,200.0,0.0,200000000.0,1.0,1.0
964,6.0,1000000.0,6.0,1.0,200.0,0.0,200000000.0,1.0,1.0
965,6.0,1000000.0,6.0,1.0,200.0,0.0,200000000.0,1.0,1.0
966,6.0,1000000.0,6.0,1.0,200.0,0.0,200000000.0,1.0,1.0
967,6.0,1000000.0,6.0,1.0,200.0,0.0,200000000.0,1.0,1.0
968,6.0,1000000.0,6.0,1.0,200.0,0.0,200000000.0,1.0,1.0
969,6.0,1000000.0,6.0,1.0,200.0,0.0,200000000.0,1.0,1.0
970,6.0,1000000.0,6.0,1.0,200.0,0.0,200000000.0,1.0,1.0
971,6.0,1000000.0,6.0,1.0,200.0,0.0,200000000.0,1.0,1.0
972,6.0,1000000.0,6.0,1.0,200.0,0.0,200000000.0,1.0,1.0
973,6.0,1000000.0,6.0,1.0,200.0,0.0,200000000.0,1.0,1.0
974,6.0,1000000.0,6.0,1.0,200.0,0.0,200000000.0,1.0,1.0
975,6.0,1000000.0,6.0,1.0,200.0,0.0,200000000.0,1.0,1.0
976,6.0,1000000.0,6.0,1.0,200.0,0.0,200000000.0,1.0,1.0
977,6.0,1000000.0,6.0,1.0,200.0,0.0,200000000.0,1.0,1.0
978,6.0,1000000.0,6.0,1.0,200.0,0.0,200000000.0,1.0,1.0
979,6.0,1000000.0,6.0,1.0,200.0,0.0,200000000.0,1.0,1.0
980,6.0,1000000.0,6.0,1.0,200.0,0.0,200000000.0,1.0,1.0
981,6.0,1000000.0,6.0,1.0,200.0,0.0,200000000.0,1.0,1.0
982,6.0,1000000.0,6.0,1.0,200.0,0.0,200000000.0,1.0,1.0
983,6.0,1000000.0,6.0,1.0,200.0,0.0,200000000.0,1.0,1.0
984,6.0,1000000.0,6.0,1.0,200.0,0.0,200000000.0,1.0,1.0
985,6.0,1000000.0,6.0,1.0,200.0,0.0,200000000.0,1.0,1.0
986,6.0,1000000.0,6.0,1.0,200.0,0.0,200000000.0,1.0,1.0
987,6.0,1000000.0,6.0,1.0,200.0,0.0,200000000.0,1.0,1.0
988,6.0,1000000.0,6.0,1.0,200.0,0.0,200000000.0,1.0,1.0
989,6.0,1000000.0,6.0,1.0,200.0,0.0,200000000.0,1.0,1.0
990,6.0,1000000.0,6.0,1.0,200.0,0.0,200000000.0,1.0,1.0
991,6.0,1000000.0,6.0,1.0,200.0,0.0,200000000.0,1.0,1.0
992,6.0,1000000.0,6.0,1.0,200.0,0.0,200000000.0,1.0,1.0
993,6.009950248756219,1000000.0,8.0,1.0,201.0,0.0,201000000.0,1.0,2.0
994,6.0,1000000.0,6.0,1.0,200.0,0.0,200000000.0,1.0,1.0
995,6.0,1000000.0,6.0,1.0,200.0,0.0,200000000.0,1.0,1.0
996,6.0,1000000.0,6.0,1.0,200.0,0.0,200000000.0,1.0,1.0
997,6.0,1000000.0,6.0,1.0,200.0,0.0,200000000.0,1.0,1.0
998,6.0,1000000.0,6.0,1.0,200.0,0.0,200000000.0,1.0,1.0
999,6.0,1000000.0,6.0,1.0,200.0,0.0,200000000.0,1.0,1.0
1000,6.0,1000000.0,6.0,1.0,200.0,0.0,200000000.0,1.0,1.0
1001,6.0,1000000.0,6.0,1.0,200.0,0.0,200000000.0,1.0,1.0
1002,6.0,1000000.0,6.0,1.0,200.0,0.0,200000000.0,1.0,1.0
1003,6.0,1000000.0,6.0,1.0,200.0,0.0,200000000.0,1.0,1.0
1004,6.0,1000000.0,6.0,1.0,200.0,0.0,200000000.0,1.0,1.0
1005,6.0,1000000.0,6.0,1.0,200.0,0.0,200000000.0,1.0,1.0
1006,6.0,1000000.0,6.0,1.0,200.0,0.0,200000000.0,1.0,1.0
1007,6.0,1000000.0,6.0,1.0,200.0,0.0,200000000.0,1.0,1.0
1008,6.0,1000000.0,6.0,1.0,200.0,0.0,200000000.0,1.0,1.0
1009,6.0,1000000.0,6.0,1.0,200.0,0.0,200000000.0,1.0,1.0
1010,6.0,1000000.0,6.0,1.0,200.0,0.0,200000000.0,1.0,1.0
1011,6.0,1000000.0,6.0,1.0,200.0,0.0,200000000.0,1.0,1.0
1012,6.0,1000000.0,6.0,1.0,199.0,0.0,199000000.0,1.0,1.0
1013,6.0,1000000.0,6.0,1.0,200.0,0.0,200000000.0,1.0,1.0
1014,6.0,1000000.0,6.0,1.0,201.0,0.0,201000000.0,1.0,1.0
1015,6.0,1000000.0,6.0,1.0,200.0,0.0,200000000.0,1.0,1.0
1016,6.0,1000000.0,6.0,1.0,200.0,0.0,200000000.0,1.0,1.0
1017,6.0,1000000.0,6.0,1.0,200.0,0.0,200000000.0,1.0,1.0
1018,5.990049751243781,1000000.0,6.0,1.0,201.0,0.0,201000000.0,1.0,2.0
1019,6.0,1000000.0,6.0,1.0,200.0,0.0,200000000.0,1.0,1.0
1020,6.0,1000000.0,6.0,1.0,200.0,0.0,200000000.0,1.0,1.0
1021,6.0,1000000.0,6.0,1.0,200.0,0.0,200000000.0,1.0,1.0
1022,6.0,1000000.0,6.0,1.0,200.0,0.0,200000000.0,1.0,1.0
1023,6.0,1000000.0,6.0,1.0,200.0,0.0,200000000.0,1.0,1.0
1024,5.3,1000000.0,7.0,1.0,200.0,0.0,200000000.0,1.0,1.0
1025,4.605,1000000.0,5.0,1.0,200.0,0.0,200000000.0,1.0,1.0
1026,4.0,1000000.0,4.0,1.0,200.0,0.0,200000000.0,1.0,1.0
1027,4.0,1000000.0,4.0,1.0,200.0,0.0,200000000.0,1.0,1.0
1028,4.009950248756219,1000000.0,6.0,1.0,201.0,0.0,201000000.0,1.0,2.0
1029,4.0,1000000.0,4.0,1.0,200.0,0.0,200000000.0,1.0,1.0
1030,4.0,1000000.0,4.0,1.0,200.0,0.0,200000000.0,1.0,1.0
1031,4.0,1000000.0,4.0,1.0,200.0,0.0,200000000.0,1.0,1.0
1032,4.0,1000000.0,4.0,1.0,200.0,0.0,200000000.0,1.0,1.0
1033,4.0,1000000.0,4.0,1.0,200.0,0.0,200000000.0,1.0,1.0
1034,4.0,1000000.0,4.0,1.0,200.0,0.0,200000000.0,1.0,1.0
1035,4.0,1000000.0,4.0,1.0,200.0,0.0,200000000.0,1.0,1.0
1036,4.0,1000000.0,4.0,1.0,200.0,0.0,200000000.0,1.0,1.0
1037,4.0,1000000.0,4.0,1.0,200.0,0.0,200000000.0,1.0,1.0
1038,4.0,1000000.0,4.0,1.0,200.0,0.0,200000000.0,1.0,1.0
1039,4.0,1000000.0,4.0,1.0,200.0,0.0,200000000.0,1.0,1.0
1040,4.0,1000000.0,4.0,1.0,200.0,0.0,200000000.0,1.0,1.0
1041,4.0,1000000.0,4.0,1.0,200.0,0.0,200000000.0,1.0,1.0
1042,4.0,1000000.0,4.0,1.0,200.0,0.0,200000000.0,1.0,1.0
1043,4.0,1000000.0,4.0,1.0,200.0,0.0,200000000.0,1.0,1.0
1044,4.0,1000000.0,4.0,1.0,200.0,0.0,200000000.0,1.0,1.0
1045,4.0,1000000.0,4.0,1.0,200.0,0.0,200000000.0,1.0,1.0
1046,4.0,1000000.0,4.0,1.0,200.0,0.0,200000000.0,1.0,1.0
1047,4.0,1000000.0,4.0,1.0,200.0,0.0,200000000.0,1.0,1.0
1048,4.0,1000000.0,4.0,1.0,199.0,0.0,199000000.0,1.0,1.0
1049,4.0,1000000.0,4.0,1.0,200.0,0.0,200000000.0,1.0,1.0
1050,4.0,1000000.0,4.0,1.0,201.0,0.0,201000000.0,1.0,1.0
1051,4.0,1000000.0,4.0,1.0,200.0,0.0,200000000.0,1.0,1.0
1052,4.0,1000000.0,4.0,1.0,200.0,0.0,200000000.0,1.0,1.0
1053,4.0,1000000.0,4.0,1.0,200.0,0.0,200000000.0,1.0,1.0
1054,4.0,1000000.0,4.0,1.0,200.0,0.0,200000000.0,1.0,1.0
1055,4.0,1000000.0,4.0,1.0,200.0,0.0,200000000.0,1.0,1.0
1056,4.0,1000000.0,4.0,1.0,200.0,0.0,200000000.0,1.0,1.0
1057,4.0,1000000.0,4.0,1.0,200.0,0.0,200000000.0,1.0,1.0
1058,4.0,1000000.0,4.0,1.0,200.0,0.0,200000000.0,1.0,1.0
1059,4.0,1000000.0,4.0,1.0,200.0,0.0,200000000.0,1.0,1.0
1060,4.0,1000000.0,4.0,1.0,200.0,0.0,200000000.0,1.0,1.0
1061,4.0,1000000.0,4.0,1.0,200.0,0.0,200000000.0,1.0,1.0
1062,4.0,1000000.0,4.0,1.0,200.0,0.0,200000000.0,1.0,1.0
1063,4.0,1000000.0,4.0,1.0,200.0,0.0,200000000.0,1.0,1.0
1064,4.0,1000000.0,4.0,1.0,200.0,0.0,200000000.0,1.0,1.0
1065,4.0,1000000.0,4.0,1.0,200.0,0.0,200000000.0,1.0,1.0
1066,4.0,1000000.0,4.0,1.0,200.0,0.0,200000000.0,1.0,1.0
1067,4.0,1000000.0,4.0,1.0,200.0,0.0,200000000.0,1.0,1.0
1068,4.0,1000000.0,4.0,1.0,200.0,0.0,200000000.0,1.0,1.0
1069,4.0,1000000.0,4.0,1.0,200.0,0.0,200000000.0,1.0,1.0
1070,4.0,1000000.0,4.0,1.0,200.0,0.0,200000000.0,1.0,1.0
1071,4.0,1000000.0,4.0,1.0,200.0,0.0,200000000.0,1.0,1.0
1072,4.0,1000000.0,4.0,1.0,200.0,0.0,200000000.0,1.0,1.0
1073,4.0,1000000.0,4.0,1.0,200.0,0.0,200000000.0,1.0,1.0
1074,4.0,1000000.0,4.0,1.0,200.0,0.0,200000000.0,1.0,1.0
1075,4.0,1000000.0,4.0,1.0,200.0,0.0,200000000.0,1.0,1.0
1076,4.0,1000000.0,4.0,1.0,199.0,0.0,199000000.0,1.0,1.0
1077,4.0,1000000.0,4.0,1.0,201.0,0.0,201000000.0,1.0,1.0
1078,4.0,1000000.0,4.0,1.0,200.0,0.0,200000000.0,1.0,1.0
1079,4.0,1000000.0,4.0,1.0,200.0,0.0,200000000.0,1.0,1.0
1080,4.0,1000000.0,4.0,1.0,200.0,0.0,200000000.0,1.0,1.0
1081,4.0,1000000.0,4.0,1.0,200.0,0.0,200000000.0,1.0,1.0
1082,4.0,1000000.0,4.0,1.0,200.0,0.0,200000000.0,1.0,1.0
1083,4.0,1000000.0,4.0,1.0,200.0,0.0,200000000.0,1.0,1.0
1084,4.0,1000000.0,4.0,1.0,200.0,0.0,200000000.0,1.0,1.0
1085,4.0,1000000.0,4.0,1.0,200.0,0.0,200000000.0,1.0,1.0
1086,4.0,1000000.0,4.0,1.0,200.0,0.0,200000000.0,1.0,1.0
1087,4.0,1000000.0,4.0,1.0,200.0,0.0,200000000.0,1.0,1.0
1088,4.0,1000000.0,4.0,1.0,200.0,0.0,200000000.0,1.0,1.0
1089,4.0,1000000.0,4.0,1.0,200.0,0.0,200000000.0,1.0,1.0
1090,4.0,1000000.0,4.0,1.0,200.0,0.0,200000000.0,1.0,1.0
1091,4.0,1000000.0,4.0,1.0,200.0,0.0,200000000.0,1.0,1.0
1092,4.0,1000000.0,4.0,1.0,200.0,0.0,200000000.0,1.0,1.0
1093,4.0,1000000.0,4.0,1.0,200.0,0.0,200000000.0,1.0,1.0
1094,4.0049751243781095,1000000.0,5.0,1.0,201.0,0.0,201000000.0,1.0,2.0
1095,4.0,1000000.0,4.0,1.0,200.0,0.0,200000000.0,1.0,1.0
1096,4.0,1000000.0,4.0,1.0,200.0,0.0,200000000.0,1.0,1.0
1097,4.0,1000000.0,4.0,1.0,200.0,0.0,200000000.0,1.0,1.0
1098,4.07,1000000.0,5.0,1.0,200.0,0.0,200000000.0,1.0,1.0
1099,5.0,1000000.0,5.0,1.0,200.0,0.0,200000000.0,1.0,1.0
1100,5.0,1000000.0,5.0,1.0,200.0,0.0,200000000.0,1.0,1.0
1101,4.58,1000000.0,7.0,1.0,200.0,0.0,200000000.0,1.0,1.0
1102,4.0,1000000.0,4.0,1.0,200.0,0.0,200000000.0,1.0,1.0
1103,4.0,1000000.0,4.0,1.0,200.0,0.0,200000000.0,1.0,1.0
1104,4.0,1000000.0,4.0,1.0,200.0,0.0,200000000.0,1.0,1.0
1105,4.0049751243781095,1000000.0,5.0,1.0,201.0,0.0,201000000.0,1.0,2.0
1106,4.0,1000000.0,4.0,1.0,200.0,0.0,200000000.0,1.0,1.0
1107,4.0,1000000.0,4.0,1.0,200.0,0.0,200000000.0,1.0,1.0
1108,4.0,1000000.0,4.0,1.0,200.0,0.0,200000000.0,1.0,1.0
1109,4.0,1000000.0,4.0,1.0,200.0,0.0,200000000.0,1.0,1.0
1110,4.0,1000000.0,4.0,1.0,200.0,0.0,200000000.0,1.0,1.0
1111,4.0,1000000.0,4.0,1.0,200.0,0.0,200000000.0,1.0,1.0
1112,4.0,1000000.0,4.0,1.0,200.0,0.0,200000000.0,1.0,1.0
1113,4.0,1000000.0,4.0,1.0,200.0,0.0,200000000.0,1.0,1.0
1114,4.0,1000000.0,4.0,1.0,200.0,0.0,200000000.0,1.0,1.0
1115,4.0,1000000.0,4.0,1.0,200.0,0.0,200000000.0,1.0,1.0
1116,4.0,1000000.0,4.0,1.0,200.0,0.0,200000000.0,1.0,1.0
1117,4.009950248756219,1000000.0,6.0,1.0,201.0,0.0,201000000.0,1.0,2.0
1118,4.0,1000000.0,4.0,1.0,200.0,0.0,200000000.0,1.0,1.0
1119,4.0,1000000.0,4.0,1.0,200.0,0.0,200000000.0,1.0,1.0
1120,4.0,1000000.0,4.0,1.0,200.0,0.0,200000000.0,1.0,1.0
1121,4.0,1000000.0,4.0,1.0,200.0,0.0,200000000.0,1.0,1.0
1122,4.0,1000000.0,4.0,1.0,200.0,0.0,200000000.0,1.0,1.0
1123,4.0,1000000.0,4.0,1.0,200.0,0.0,200000000.0,1.0,1.0
1124,4.0,1000000.0,4.0,1.0,200.0,0.0,200000000.0,1.0,1.0
1125,4.0,1000000.0,4.0,1.0,200.0,0.0,200000000.0,1.0,1.0
1126,4.0,1000000.0,4.0,1.0,200.0,0.0,200000000.0,1.0,1.0
1127,4.0,1000000.0,4.0,1.0,200.0,0.0,200000000.0,1.0,1.0
1128,4.0,1000000.0,4.0,1.0,200.0,0.0,200000000.0,1.0,1.0
1129,4.0,1000000.0,4.0,1.0,200.0,0.0,200000000.0,1.0,1.0
1130,4.0,1000000.0,4.0,1.0,200.0,0.0,200000000.0,1.0,1.0
1131,4.0,1000000.0,4.0,1.0,200.0,0.0,200000000.0,1.0,1.0
1132,4.0,1000000.0,4.0,1.0,199.0,0.0,199000000.0,1.0,1.0
1133,4.0,1000000.0,4.0,1.0,201.0,0.0,201000000.0,1.0,1.0
1134,4.0,1000000.0,4.0,1.0,200.0,0.0,200000000.0,1.0,1.0
1135,4.0,1000000.0,4.0,1.0,200.0,0.0,200000000.0,1.0,1.0
1136,4.0,1000000.0,4.0,1.0,200.0,0.0,200000000.0,1.0,1.0
1137,4.0,1000000.0,4.0,1.0,200.0,0.0,200000000.0,1.0,1.0
1138,4.0,1000000.0,4.0,1.0,200.0,0.0,200000000.0,1.0,1.0
1139,4.0,1000000.0,4.0,1.0,200.0,0.0,200000000.0,1.0,1.0
1140,4.0,1000000.0,4.0,1.0,200.0,0.0,200000000.0,1.0,1.0
1141,4.0,1000000.0,4.0,1.0,200.0,0.0,200000000.0,1.0,1.0
1142,4.0,1000000.0,4.0,1.0,200.0,0.0,200000000.0,1.0,1.0
1143,4.0,1000000.0,4.0,1.0,200.0,0.0,200000000.0,1.0,1.0
1144,4.0,1000000.0,4.0,1.0,200.0,0.0,200000000.0,1.0,1.0
1145,4.0,1000000.0,4.0,1.0,200.0,0.0,200000000.0,1.0,1.0
1146,4.0,1000000.0,4.0,1.0,200.0,0.0,200000000.0,1.0,1.0
1147,4.0,1000000.0,4.0,1.0,200.0,0.0,200000000.0,1.0,1.0
1148,4.0,1000000.0,4.0,1.0,200.0,0.0,200000000.0,1.0,1.0
1149,4.0,1000000.0,4.0,1.0,200.0,0.0,200000000.0,1.0,1.0
1150,4.0,1000000.0,4.0,1.0,200.0,0.0,200000000.0,1.0,1.0
1151,4.0,1000000.0,4.0,1.0,200.0,0.0,200000000.0,1.0,1.0
1152,4.0,1000000.0,4.0,1.0,200.0,0.0,200000000.0,1.0,1.0
1153,4.0,1000000.0,4.0,1.0,200.0,0.0,200000000.0,1.0,1.0
1154,4.0,1000000.0,4.0,1.0,200.0,0.0,200000000.0,1.0,1.0
1155,4.0,1000000.0,4.0,1.0,200.0,0.0,200000000.0,1.0,1.0
1156,4.0,1000000.0,4.0,1.0,200.0,0.0,200000000.0,1.0,1.0
1157,4.0,1000000.0,4.0,1.0,200.0,0.0,200000000.0,1.0,1.0
1158,4.0,1000000.0,4.0,1.0,200.0,0.0,200000000.0,1.0,1.0
1159,4.0,1000000.0,4.0,1.0,200.0,0.0,200000000.0,1.0,1.0
1160,4.0,1000000.0,4.0,1.0,200.0,0.0,200000000.0,1.0,1.0
1161,4.0,1000000.0,4.0,1.0,200.0,0.0,200000000.0,1.0,1.0
1162,4.0,1000000.0,4.0,1.0,200.0,0.0,200000000.0,1.0,1.0
1163,4.0,1000000.0,4.0,1.0,200.0,0.0,200000000.0,1.0,1.0
1164,4.0049751243781095,1000000.0,5.0,1.0,201.0,0.0,201000000.0,1.0,2.0
1165,4.0,1000000.0,4.0,1.0,200.0,0.0,200000000.0,1.0,1.0
1166,4.0,1000000.0,4.0,1.0,200.0,0.0,200000000.0,1.0,1.0
1167,4.0,1000000.0,4.0,1.0,200.0,0.0,200000000.0,1.0,1.0
1168,4.009950248756219,1000000.0,6.0,1.0,201.0,0.0,201000000.0,1.0,2.0
1169,4.0,1000000.0,4.0,1.0,200.0,0.0,200000000.0,1.0,1.0
1170,4.0,1000000.0,4.0,1.0,200.0,0.0,200000000.0,1.0,1.0
1171,4.0,1000000.0,4.0,1.0,200.0,0.0,200000000.0,1.0,1.0
1172,4.0,1000000.0,4.0,1.0,200.0,0.0,200000000.0,1.0,1.0
1173,4.0,1000000.0,4.0,1.0,200.0,0.0,200000000.0,1.0,1.0
1174,4.0,1000000.0,4.0,1.0,200.0,0.0,200000000.0,1.0,1.0
1175,4.0,1000000.0,4.0,1.0,200.0,0.0,200000000.0,1.0,1.0
1176,4.0,1000000.0,4.0,1.0,200.0,0.0,200000000.0,1.0,1.0
1177,5.055,1000000.0,6.0,1.0,200.0,0.0,200000000.0,1.0,1.0
1178,6.0,1000000.0,6.0,1.0,200.0,0.0,200000000.0,1.0,1.0
1179,5.14,1000000.0,6.0,1.0,200.0,0.0,200000000.0,1.0,1.0
1180,5.0,1000000.0,5.0,1.0,200.0,0.0,200000000.0,1.0,1.0
1181,5.0,1000000.0,5.0,1.0,200.0,0.0,200000000.0,1.0,1.0
1182,5.0,1000000.0,5.0,1.0,200.0,0.0,200000000.0,1.0,1.0
1183,5.0,1000000.0,5.0,1.0,200.0,0.0,200000000.0,1.0,1.0
1184,5.0,1000000.0,5.0,1.0,200.0,0.0,200000000.0,1.0,1.0
1185,5.0,1000000.0,5.0,1.0,200.0,0.0,200000000.0,1.0,1.0
1186,5.0,1000000.0,5.0,1.0,200.0,0.0,200000000.0,1.0,1.0
1187,5.0,1000000.0,5.0,1.0,200.0,0.0,200000000.0,1.0,1.0
1188,5.0,1000000.0,5.0,1.0,200.0,0.0,200000000.0,1.0,1.0
1189,5.0,1000000.0,5.0,1.0,200.0,0.0,200000000.0,1.0,1.0
1190,5.0,1000000.0,5.0,1.0,200.0,0.0,200000000.0,1.0,1.0
1191,5.0,1000000.0,5.0,1.0,200.0,0.0,200000000.0,1.0,1.0
1192,5.0,1000000.0,5.0,1.0,200.0,0.0,200000000.0,1.0,1.0
1193,5.0,1000000.0,5.0,1.0,200.0,0.0,200000000.0,1.0,1.0
1194,5.0,1000000.0,5.0,1.0,200.0,0.0,200000000.0,1.0,1.0
1195,5.0,1000000.0,5.0,1.0,200.0,0.0,200000000.0,1.0,1.0
1196,4.9950248756218905,1000000.0,5.0,1.0,201.0,0.0,201000000.0,1.0,2.0
1197,5.0,1000000.0,5.0,1.0,200.0,0.0,200000000.0,1.0,1.0
1198,5.0,1000000.0,5.0,1.0,200.0,0.0,200000000.0,1.0,1.0
1199,5.0,1000000.0,5.0,1.0,200.0,0.0,200000000.0,1.0,1.0
1200,5.0,1000000.0,5.0,1.0,200.0,0.0,200000000.0,1.0,1.0
1201,5.0,1000000.0,5.0,1.0,200.0,0.0,200000000.0,1.0,1.0
1202,5.0,1000000.0,5.0,1.0,200.0,0.0,200000000.0,1.0,1.0
1203,5.0,1000000.0,5.0,1.0,200.0,0.0,200000000.0,1.0,1.0
1204,5.0,1000000.0,5.0,1.0,200.0,0.0,200000000.0,1.0,1.0
1205,5.0,1000000.0,5.0,1.0,200.0,0.0,200000000.0,1.0,1.0
1206,5.0,1000000.0,5.0,1.0,200.0,0.0,200000000.0,1.0,1.0
1207,5.0,1000000.0,5.0,1.0,200.0,0.0,200000000.0,1.0,1.0
1208,5.0,1000000.0,5.0,1.0,200.0,0.0,200000000.0,1.0,1.0
1209,5.0,1000000.0,5.0,1.0,200.0,0.0,200000000.0,1.0,1.0
1210,5.0,1000000.0,5.0,1.0,200.0,0.0,200000000.0,1.0,1.0
1211,5.0,1000000.0,5.0,1.0,200.0,0.0,200000000.0,1.0,1.0
1212,5.0,1000000.0,5.0,1.0,200.0,0.0,200000000.0,1.0,1.0
1213,5.0,1000000.0,5.0,1.0,200.0,0.0,200000000.0,1.0,1.0
1214,5.0,1000000.0,5.0,1.0,200.0,0.0,200000000.0,1.0,1.0
1215,5.0,1000000.0,5.0,1.0,200.0,0.0,200000000.0,1.0,1.0
1216,5.0,1000000.0,5.0,1.0,200.0,0.0,200000000.0,1.0,1.0
1217,5.019900497512438,1000000.0,9.0,1.0,201.0,0.0,201000000.0,1.0,2.0
1218,5.0,1000000.0,5.0,1.0,200.0,0.0,200000000.0,1.0,1.0
1219,5.0,1000000.0,5.0,1.0,200.0,0.0,200000000.0,1.0,1.0
1220,5.0,1000000.0,5.0,1.0,200.0,0.0,200000000.0,1.0,1.0
1221,5.0,1000000.0,5.0,1.0,200.0,0.0,200000000.0,1.0,1.0
1222,5.0,1000000.0,5.0,1.0,200.0,0.0,200000000.0,1.0,1.0
1223,5.0,1000000.0,5.0,1.0,200.0,0.0,200000000.0,1.0,1.0
1224,5.0,1000000.0,5.0,1.0,200.0,0.0,200000000.0,1.0,1.0
1225,5.0,1000000.0,5.0,1.0,200.0,0.0,200000000.0,1.0,1.0
1226,5.0,1000000.0,5.0,1.0,200.0,0.0,200000000.0,1.0,1.0
1227,5.0,1000000.0,5.0,1.0,200.0,0.0,200000000.0,1.0,1.0
1228,5.0,1000000.0,5.0,1.0,200.0,0.0,200000000.0,1.0,1.0
1229,5.0,1000000.0,5.0,1.0,200.0,0.0,200000000.0,1.0,1.0
1230,5.0,1000000.0,5.0,1.0,200.0,0.0,200000000.0,1.0,1.0
1231,5.0,1000000.0,5.0,1.0,200.0,0.0,200000000.0,1.0,1.0
1232,5.0,1000000.0,5.0,1.0,200.0,0.0,200000000.0,1.0,1.0
1233,5.0,1000000.0,5.0,1.0,200.0,0.0,200000000.0,1.0,1.0
1234,5.0,1000000.0,5.0,1.0,200.0,0.0,200000000.0,1.0,1.0
1235,5.0,1000000.0,5.0,1.0,200.0,0.0,200000000.0,1.0,1.0
1236,5.0,1000000.0,5.0,1.0,200.0,0.0,200000000.0,1.0,1.0
1237,5.0,1000000.0,5.0,1.0,200.0,0.0,200000000.0,1.0,1.0
1238,5.0,1000000.0,5.0,1.0,200.0,0.0,200000000.0,1.0,1.0
1239,5.0,1000000.0,5.0,1.0,200.0,0.0,200000000.0,1.0,1.0
1240,5.0,1000000.0,5.0,1.0,200.0,0.0,200000000.0,1.0,1.0
1241,5.0,1000000.0,5.0,1.0,200.0,0.0,200000000.0,1.0,1.0
1242,5.0,1000000.0,5.0,1.0,200.0,0.0,200000000.0,1.0,1.0
1243,5.0,1000000.0,5.0,1.0,200.0,0.0,200000000.0,1.0,1.0
1244,5.0,1000000.0,5.0,1.0,200.0,0.0,200000000.0,1.0,1.0
1245,5.0,1000000.0,5.0,1.0,200.0,0.0,200000000.0,1.0,1.0
1246,5.0,1000000.0,5.0,1.0,200.0,0.0,200000000.0,1.0,1.0
1247,5.0,1000000.0,5.0,1.0,200.0,0.0,200000000.0,1.0,1.0
1248,5.0,1000000.0,5.0,1.0,200.0,0.0,200000000.0,1.0,1.0
1249,5.0,1000000.0,5.0,1.0,200.0,0.0,200000000.0,1.0,1.0
1250,5.0,1000000.0,5.0,1.0,200.0,0.0,200000000.0,1.0,1.0
1251,5.0,1000000.0,5.0,1.0,200.0,0.0,200000000.0,1.0,1.0
1252,5.0,1000000.0,5.0,1.0,200.0,0.0,200000000.0,1.0,1.0
1253,5.27,1000000.0,7.0,1.0,200.0,0.0,200000000.0,1.0,1.0
1254,5.0,1000000.0,5.0,1.0,200.0,0.0,200000000.0,1.0,1.0
1255,5.0,1000000.0,5.0,1.0,200.0,0.0,200000000.0,1.0,1.0
1256,5.0,1000000.0,5.0,1.0,200.0,0.0,200000000.0,1.0,1.0
1257,5.0,1000000.0,5.0,1.0,200.0,0.0,200000000.0,1.0,1.0
1258,5.0,1000000.0,5.0,1.0,200.0,0.0,200000000.0,1.0,1.0
1259,5.0049751243781095,1000000.0,6.0,1.0,201.0,0.0,201000000.0,1.0,2.0
1260,5.0,1000000.0,5.0,1.0,200.0,0.0,200000000.0,1.0,1.0
1261,5.0,1000000.0,5.0,1.0,200.0,0.0,200000000.0,1.0,1.0
1262,4.265,1000000.0,5.0,1.0,200.0,0.0,200000000.0,1.0,1.0
1263,4.0,1000000.0,4.0,1.0,200.0,0.0,200000000.0,1.0,1.0
1264,4.0,1000000.0,4.0,1.0,200.0,0.0,200000000.0,1.0,1.0
1265,4.0,1000000.0,4.0,1.0,200.0,0.0,200000000.0,1.0,1.0
1266,4.0,1000000.0,4.0,1.0,200.0,0.0,200000000.0,1.0,1.0
1267,4.0,1000000.0,4.0,1.0,200.0,0.0,200000000.0,1.0,1.0
1268,4.0,1000000.0,4.0,1.0,200.0,0.0,200000000.0,1.0,1.0
1269,4.0,1000000.0,4.0,1.0,200.0,0.0,200000000.0,1.0,1.0
1270,4.0,1000000.0,4.0,1.0,200.0,0.0,200000000.0,1.0,1.0
1271,4.0,1000000.0,4.0,1.0,200.0,0.0,200000000.0,1.0,1.0
1272,4.0,1000000.0,4.0,1.0,200.0,0.0,200000000.0,1.0,1.0
1273,4.0,1000000.0,4.0,1.0,200.0,0.0,200000000.0,1.0,1.0
1274,4.0,1000000.0,4.0,1.0,200.0,0.0,200000000.0,1.0,1.0
1275,4.0,1000000.0,4.0,1.0,200.0,0.0,200000000.0,1.0,1.0
1276,4.0,1000000.0,4.0,1.0,200.0,0.0,200000000.0,1.0,1.0
1277,4.0,1000000.0,4.0,1.0,200.0,0.0,200000000.0,1.0,1.0
1278,4.0,1000000.0,4.0,1.0,200.0,0.0,200000000.0,1.0,1.0
1279,4.0,1000000.0,4.0,1.0,200.0,0.0,200000000.0,1.0,1.0
1280,4.0,1000000.0,4.0,1.0,200.0,0.0,200000000.0,1.0,1.0
1281,4.0,1000000.0,4.0,1.0,200.0,0.0,200000000.0,1.0,1.0
1282,4.0,1000000.0,4.0,1.0,200.0,0.0,200000000.0,1.0,1.0
1283,4.0,1000000.0,4.0,1.0,200.0,0.0,200000000.0,1.0,1.0
1284,4.0,1000000.0,4.0,1.0,200.0,0.0,200000000.0,1.0,1.0
1285,4.0,1000000.0,4.0,1.0,199.0,0.0,199000000.0,1.0,1.0
1286,4.0,1000000.0,4.0,1.0,201.0,0.0,201000000.0,1.0,1.0
1287,4.0,1000000.0,4.0,1.0,200.0,0.0,200000000.0,1.0,1.0
1288,4.0,1000000.0,4.0,1.0,200.0,0.0,200000000.0,1.0,1.0
1289,4.0,1000000.0,4.0,1.0,200.0,0.0,200000000.0,1.0,1.0
1290,4.0,1000000.0,4.0,1.0,200.0,0.0,200000000.0,1.0,1.0
1291,4.0,1000000.0,4.0,1.0,200.0,0.0,200000000.0,1.0,1.0
1292,4.0,1000000.0,4.0,1.0,200.0,0.0,200000000.0,1.0,1.0
1293,4.0,1000000.0,4.0,1.0,200.0,0.0,200000000.0,1.0,1.0
1294,4.0,1000000.0,4.0,1.0,200.0,0.0,200000000.0,1.0,1.0
1295,4.0,1000000.0,4.0,1.0,200.0,0.0,200000000.0,1.0,1.0
1296,4.0,1000000.0,4.0,1.0,200.0,0.0,200000000.0,1.0,1.0
1297,4.0,1000000.0,4.0,1.0,200.0,0.0,200000000.0,1.0,1.0
1298,4.0,1000000.0,4.0,1.0,200.0,0.0,200000000.0,1.0,1.0
1299,4.0,1000000.0,4.0,1.0,200.0,0.0,200000000.0,1.0,1.0
1300,4.0,1000000.0,4.0,1.0,200.0,0.0,200000000.0,1.0,1.0
1301,4.0,1000000.0,4.0,1.0,200.0,0.0,200000000.0,1.0,1.0
1302,4.0,1000000.0,4.0,1.0,200.0,0.0,200000000.0,1.0,1.0
1303,4.0,1000000.0,4.0,1.0,200.0,0.0,200000000.0,1.0,1.0
1304,4.0,1000000.0,4.0,1.0,200.0,0.0,200000000.0,1.0,1.0
1305,4.0,1000000.0,4.0,1.0,200.0,0.0,200000000.0,1.0,1.0
1306,4.0,1000000.0,4.0,1.0,200.0,0.0,200000000.0,1.0,1.0
1307,4.0,1000000.0,4.0,1.0,200.0,0.0,200000000.0,1.0,1.0
1308,4.0,1000000.0,4.0,1.0,200.0,0.0,200000000.0,1.0,1.0
1309,4.0,1000000.0,4.0,1.0,200.0,0.0,200000000.0,1.0,1.0
1310,4.0,1000000.0,4.0,1.0,200.0,0.0,200000000.0,1.0,1.0
1311,4.0,1000000.0,4.0,1.0,200.0,0.0,200000000.0,1.0,1.0
1312,4.0,1000000.0,4.0,1.0,200.0,0.0,200000000.0,1.0,1.0
1313,4.0,1000000.0,4.0,1.0,200.0,0.0,200000000.0,1.0,1.0
1314,4.0,1000000.0,4.0,1.0,200.0,0.0,200000000.0,1.0,1.0
1315,4.0,1000000.0,4.0,1.0,200.0,0.0,200000000.0,1.0,1.0
1316,4.0,1000000.0,4.0,1.0,200.0,0.0,200000000.0,1.0,1.0
1317,4.0,1000000.0,4.0,1.0,200.0,0.0,200000000.0,1.0,1.0
1318,4.0,1000000.0,4.0,1.0,200.0,0.0,200000000.0,1.0,1.0
1319,4.0,1000000.0,4.0,1.0,200.0,0.0,200000000.0,1.0,1.0
1320,4.0,1000000.0,4.0,1.0,200.0,0.0,200000000.0,1.0,1.0
1321,4.0,1000000.0,4.0,1.0,200.0,0.0,200000000.0,1.0,1.0
1322,4.0,1000000.0,4.0,1.0,200.0,0.0,200000000.0,1.0,1.0
1323,4.0,1000000.0,4.0,1.0,200.0,0.0,200000000.0,1.0,1.0
1324,5.69,1000000.0,6.0,1.0,200.0,0.0,200000000.0,1.0,1.0
1325,6.0,1000000.0,6.0,1.0,200.0,0.0,200000000.0,1.0,1.0
1326,6.0,1000000.0,6.0,1.0,200.0,0.0,200000000.0,1.0,1.0
1327,6.0,1000000.0,6.0,1.0,200.0,0.0,200000000.0,1.0,1.0
1328,6.0,1000000.0,6.0,1.0,200.0,0.0,200000000.0,1.0,1.0
1329,5.405,1000000.0,6.0,1.0,200.0,0.0,200000000.0,1.0,1.0
1330,5.0,1000000.0,5.0,1.0,200.0,0.0,200000000.0,1.0,1.0
1331,5.0,1000000.0,5.0,1.0,200.0,0.0,200000000.0,1.0,1.0
1332,5.0,1000000.0,5.0,1.0,200.0,0.0,200000000.0,1.0,1.0
1333,5.0,1000000.0,5.0,1.0,200.0,0.0,200000000.0,1.0,1.0
1334,5.0,1000000.0,5.0,1.0,200.0,0.0,200000000.0,1.0,1.0
1335,5.0049751243781095,1000000.0,6.0,1.0,201.0,0.0,201000000.0,1.0,2.0
1336,5.0,1000000.0,5.0,1.0,200.0,0.0,200000000.0,1.0,1.0
1337,5.0,1000000.0,5.0,1.0,200.0,0.0,200000000.0,1.0,1.0
1338,5.0,1000000.0,5.0,1.0,200.0,0.0,200000000.0,1.0,1.0
1339,5.0,1000000.0,5.0,1.0,200.0,0.0,200000000.0,1.0,1.0
1340,5.0,1000000.0,5.0,1.0,200.0,0.0,200000000.0,1.0,1.0
1341,5.0,1000000.0,5.0,1.0,200.0,0.0,200000000.0,1.0,1.0
1342,5.0,1000000.0,5.0,1.0,200.0,0.0,200000000.0,1.0,1.0
1343,5.0,1000000.0,5.0,1.0,200.0,0.0,200000000.0,1.0,1.0
1344,5.0,1000000.0,5.0,1.0,200.0,0.0,200000000.0,1.0,1.0
1345,5.0,1000000.0,5.0,1.0,200.0,0.0,200000000.0,1.0,1.0
1346,5.0,1000000.0,5.0,1.0,200.0,0.0,200000000.0,1.0,1.0
1347,5.0,1000000.0,5.0,1.0,200.0,0.0,200000000.0,1.0,1.0
1348,5.0,1000000.0,5.0,1.0,200.0,0.0,200000000.0,1.0,1.0
1349,5.0,1000000.0,5.0,1.0,200.0,0.0,200000000.0,1.0,1.0
1350,5.0,1000000.0,5.0,1.0,200.0,0.0,200000000.0,1.0,1.0
1351,5.0,1000000.0,5.0,1.0,200.0,0.0,200000000.0,1.0,1.0
1352,5.0,1000000.0,5.0,1.0,200.0,0.0,200000000.0,1.0,1.0
1353,5.0,1000000.0,5.0,1.0,200.0,0.0,200000000.0,1.0,1.0
1354,5.0,1000000.0,5.0,1.0,200.0,0.0,200000000.0,1.0,1.0
1355,5.0,1000000.0,5.0,1.0,200.0,0.0,200000000.0,1.0,1.0
1356,5.0,1000000.0,5.0,1.0,200.0,0.0,200000000.0,1.0,1.0
1357,5.0,1000000.0,5.0,1.0,200.0,0.0,200000000.0,1.0,1.0
1358,5.0,1000000.0,5.0,1.0,200.0,0.0,200000000.0,1.0,1.0
1359,5.0,1000000.0,5.0,1.0,200.0,0.0,200000000.0,1.0,1.0
1360,5.0,1000000.0,5.0,1.0,200.0,0.0,200000000.0,1.0,1.0
1361,5.0,1000000.0,5.0,1.0,200.0,0.0,200000000.0,1.0,1.0
1362,5.0,1000000.0,5.0,1.0,200.0,0.0,200000000.0,1.0,1.0
1363,5.0,1000000.0,5.0,1.0,200.0,0.0,200000000.0,1.0,1.0
1364,5.0,1000000.0,5.0,1.0,200.0,0.0,200000000.0,1.0,1.0
1365,5.0,1000000.0,5.0,1.0,200.0,0.0,200000000.0,1.0,1.0
1366,5.0,1000000.0,5.0,1.0,200.0,0.0,200000000.0,1.0,1.0
1367,5.0,1000000.0,5.0,1.0,200.0,0.0,200000000.0,1.0,1.0
1368,5.0,1000000.0,5.0,1.0,200.0,0.0,200000000.0,1.0,1.0
1369,5.0,1000000.0,5.0,1.0,200.0,0.0,200000000.0,1.0,1.0
1370,5.0,1000000.0,5.0,1.0,200.0,0.0,200000000.0,1.0,1.0
1371,5.0,1000000.0,5.0,1.0,200.0,0.0,200000000.0,1.0,1.0
1372,5.0,1000000.0,5.0,1.0,200.0,0.0,200000000.0,1.0,1.0
1373,5.0,1000000.0,5.0,1.0,200.0,0.0,200000000.0,1.0,1.0
1374,5.0,1000000.0,5.0,1.0,200.0,0.0,200000000.0,1.0,1.0
1375,5.0,1000000.0,5.0,1.0,200.0,0.0,200000000.0,1.0,1.0
1376,5.0,1000000.0,5.0,1.0,200.0,0.0,200000000.0,1.0,1.0
1377,5.0,1000000.0,5.0,1.0,200.0,0.0,200000000.0,1.0,1.0
1378,5.0,1000000.0,5.0,1.0,200.0,0.0,200000000.0,1.0,1.0
1379,5.0,1000000.0,5.0,1.0,200.0,0.0,200000000.0,1.0,1.0
1380,5.0,1000000.0,5.0,1.0,200.0,0.0,200000000.0,1.0,1.0
1381,5.024875621890548,1000000.0,10.0,1.0,201.0,0.0,201000000.0,1.0,2.0
1382,5.0,1000000.0,5.0,1.0,200.0,0.0,200000000.0,1.0,1.0
1383,5.0,1000000.0,5.0,1.0,200.0,0.0,200000000.0,1.0,1.0
1384,5.0,1000000.0,5.0,1.0,200.0,0.0,200000000.0,1.0,1.0
1385,5.0,1000000.0,5.0,1.0,200.0,0.0,200000000.0,1.0,1.0
1386,5.0,1000000.0,5.0,1.0,200.0,0.0,200000000.0,1.0,1.0
1387,5.0,1000000.0,5.0,1.0,200.0,0.0,200000000.0,1.0,1.0
1388,4.9950248756218905,1000000.0,5.0,1.0,201.0,0.0,201000000.0,1.0,2.0
1389,5.0,1000000.0,5.0,1.0,200.0,0.0,200000000.0,1.0,1.0
1390,5.0,1000000.0,5.0,1.0,200.0,0.0,200000000.0,1.0,1.0
1391,5.0,1000000.0,5.0,1.0,200.0,0.0,200000000.0,1.0,1.0
1392,5.0,1000000.0,5.0,1.0,200.0,0.0,200000000.0,1.0,1.0
1393,5.0,1000000.0,5.0,1.0,200.0,0.0,200000000.0,1.0,1.0
1394,5.0,1000000.0,5.0,1.0,200.0,0.0,200000000.0,1.0,1.0
1395,5.0,1000000.0,5.0,1.0,200.0,0.0,200000000.0,1.0,1.0
1396,5.0,1000000.0,5.0,1.0,200.0,0.0,200000000.0,1.0,1.0
1397,5.0,1000000.0,5.0,1.0,200.0,0.0,200000000.0,1.0,1.0
1398,5.0,1000000.0,5.0,1.0,200.0,0.0,200000000.0,1.0,1.0
1399,5.21,1000000.0,7.0,1.0,200.0,0.0,200000000.0,1.0,1.0
1400,7.0,1000000.0,7.0,1.0,200.0,0.0,200000000.0,1.0,1.0
1401,7.0,1000000.0,7.0,1.0,200.0,0.0,200000000.0,1.0,1.0
1402,7.0,1000000.0,7.0,1.0,200.0,0.0,200000000.0,1.0,1.0
1403,7.0,1000000.0,7.0,1.0,200.0,0.0,200000000.0,1.0,1.0
1404,7.0,1000000.0,7.0,1.0,200.0,0.0,200000000.0,1.0,1.0
1405,5.26,1000000.0,7.0,1.0,200.0,0.0,200000000.0,1.0,1.0
1406,4.0,1000000.0,4.0,1.0,200.0,0.0,200000000.0,1.0,1.0
1407,4.0,1000000.0,4.0,1.0,200.0,0.0,200000000.0,1.0,1.0
1408,4.0,1000000.0,4.0,1.0,200.0,0.0,200000000.0,1.0,1.0
1409,4.0,1000000.0,4.0,1.0,200.0,0.0,200000000.0,1.0,1.0
1410,4.0,1000000.0,4.0,1.0,200.0,0.0,200000000.0,1.0,1.0
1411,4.0,1000000.0,4.0,1.0,200.0,0.0,200000000.0,1.0,1.0
1412,4.0,1000000.0,4.0,1.0,200.0,0.0,200000000.0,1.0,1.0
1413,4.0,1000000.0,4.0,1.0,200.0,0.0,200000000.0,1.0,1.0
1414,4.0,1000000.0,4.0,1.0,200.0,0.0,200000000.0,1.0,1.0
1415,4.0,1000000.0,4.0,1.0,200.0,0.0,200000000.0,1.0,1.0
1416,4.0,1000000.0,4.0,1.0,200.0,0.0,200000000.0,1.0,1.0
1417,4.0,1000000.0,4.0,1.0,200.0,0.0,200000000.0,1.0,1.0
1418,4.0,1000000.0,4.0,1.0,200.0,0.0,200000000.0,1.0,1.0
1419,4.0,1000000.0,4.0,1.0,200.0,0.0,200000000.0,1.0,1.0
1420,4.0,1000000.0,4.0,1.0,200.0,0.0,200000000.0,1.0,1.0
1421,4.0,1000000.0,4.0,1.0,200.0,0.0,200000000.0,1.0,1.0
1422,4.0,1000000.0,4.0,1.0,200.0,0.0,200000000.0,1.0,1.0
1423,4.0,1000000.0,4.0,1.0,200.0,0.0,200000000.0,1.0,1.0
1424,4.019900497512438,1000000.0,8.0,1.0,201.0,0.0,201000000.0,1.0,2.0
1425,4.0,1000000.0,4.0,1.0,200.0,0.0,200000000.0,1.0,1.0
1426,4.0,1000000.0,4.0,1.0,200.0,0.0,200000000.0,1.0,1.0
1427,4.0,1000000.0,4.0,1.0,200.0,0.0,200000000.0,1.0,1.0
1428,4.0,1000000.0,4.0,1.0,200.0,0.0,200000000.0,1.0,1.0
1429,4.0,1000000.0,4.0,1.0,200.0,0.0,200000000.0,1.0,1.0
1430,4.0,1000000.0,4.0,1.0,200.0,0.0,200000000.0,1.0,1.0
1431,4.0,1000000.0,4.0,1.0,200.0,0.0,200000000.0,1.0,1.0
1432,4.0,1000000.0,4.0,1.0,200.0,0.0,200000000.0,1.0,1.0
1433,4.0,1000000.0,4.0,1.0,200.0,0.0,200000000.0,1.0,1.0
1434,4.0,1000000.0,4.0,1.0,200.0,0.0,200000000.0,1.0,1.0
1435,4.0,1000000.0,4.0,1.0,200.0,0.0,200000000.0,1.0,1.0
1436,4.0,1000000.0,4.0,1.0,200.0,0.0,200000000.0,1.0,1.0
1437,4.0,1000000.0,4.0,1.0,200.0,0.0,200000000.0,1.0,1.0
1438,4.0,1000000.0,4.0,1.0,200.0,0.0,200000000.0,1.0,1.0
1439,4.0,1000000.0,4.0,1.0,200.0,0.0,200000000.0,1.0,1.0
1440,4.0,1000000.0,4.0,1.0,200.0,0.0,200000000.0,1.0,1.0
1441,4.0,1000000.0,4.0,1.0,200.0,0.0,200000000.0,1.0,1.0
1442,4.0,1000000.0,4.0,1.0,200.0,0.0,200000000.0,1.0,1.0
1443,4.019900497512438,1000000.0,8.0,1.0,201.0,0.0,201000000.0,1.0,2.0
1444,4.0,1000000.0,4.0,1.0,200.0,0.0,200000000.0,1.0,1.0
1445,4.0,1000000.0,4.0,1.0,200.0,0.0,200000000.0,1.0,1.0
1446,4.024875621890548,1000000.0,9.0,1.0,201.0,0.0,201000000.0,1.0,2.0
1447,5.6,1000000.0,9.0,1.0,200.0,0.0,200000000.0,1.0,1.0
1448,9.0,1000000.0,9.0,1.0,200.0,0.0,200000000.0,1.0,1.0
1449,9.0,1000000.0,9.0,1.0,200.0,0.0,200000000.0,1.0,1.0
1450,9.0,1000000.0,9.0,1.0,200.0,0.0,200000000.0,1.0,1.0
1451,10.81,1000000.0,11.0,1.0,200.0,0.0,200000000.0,1.0,1.0
1452,11.0,1000000.0,11.0,1.0,200.0,0.0,200000000.0,1.0,1.0
1453,11.0,1000000.0,11.0,1.0,200.0,0.0,200000000.0,1.0,1.0
1454,10.99004975124378,1000000.0,11.0,1.0,201.0,0.0,201000000.0,1.0,2.0
1455,11.0,1000000.0,11.0,1.0,200.0,0.0,200000000.0,1.0,1.0
1456,8.35,1000000.0,11.0,1.0,200.0,0.0,200000000.0,1.0,1.0
1457,8.0,1000000.0,8.0,1.0,200.0,0.0,200000000.0,1.0,1.0
1458,8.0,1000000.0,8.0,1.0,200.0,0.0,200000000.0,1.0,1.0
1459,8.0,1000000.0,8.0,1.0,200.0,0.0,200000000.0,1.0,1.0
1460,8.0,1000000.0,8.0,1.0,200.0,0.0,200000000.0,1.0,1.0
1461,8.0,1000000.0,8.0,1.0,200.0,0.0,200000000.0,1.0,1.0
1462,7.980099502487562,1000000.0,8.0,1.0,201.0,0.0,201000000.0,1.0,2.0
1463,8.0,1000000.0,8.0,1.0,200.0,0.0,200000000.0,1.0,1.0
1464,7.980099502487562,1000000.0,8.0,1.0,201.0,0.0,201000000.0,1.0,2.0
1465,8.0,1000000.0,8.0,1.0,200.0,0.0,200000000.0,1.0,1.0
1466,8.0,1000000.0,8.0,1.0,200.0,0.0,200000000.0,1.0,1.0
1467,8.0,1000000.0,8.0,1.0,200.0,0.0,200000000.0,1.0,1.0
1468,8.0,1000000.0,8.0,1.0,200.0,0.0,200000000.0,1.0,1.0
1469,8.0,1000000.0,8.0,1.0,200.0,0.0,200000000.0,1.0,1.0
1470,8.0,1000000.0,8.0,1.0,200.0,0.0,200000000.0,1.0,1.0
1471,8.0,1000000.0,8.0,1.0,200.0,0.0,200000000.0,1.0,1.0
1472,8.0,1000000.0,8.0,1.0,200.0,0.0,200000000.0,1.0,1.0
1473,8.0,1000000.0,8.0,1.0,200.0,0.0,200000000.0,1.0,1.0
1474,8.0,1000000.0,8.0,1.0,200.0,0.0,200000000.0,1.0,1.0
1475,8.0,1000000.0,8.0,1.0,200.0,0.0,200000000.0,1.0,1.0
1476,8.0,1000000.0,8.0,1.0,200.0,0.0,200000000.0,1.0,1.0
1477,8.0,1000000.0,8.0,1.0,200.0,0.0,200000000.0,1.0,1.0
1478,8.0,1000000.0,8.0,1.0,200.0,0.0,200000000.0,1.0,1.0
1479,8.0,1000000.0,8.0,1.0,200.0,0.0,200000000.0,1.0,1.0
1480,8.0,1000000.0,8.0,1.0,200.0,0.0,200000000.0,1.0,1.0
1481,8.0,1000000.0,8.0,1.0,200.0,0.0,200000000.0,1.0,1.0
1482,8.0,1000000.0,8.0,1.0,200.0,0.0,200000000.0,1.0,1.0
1483,8.0,1000000.0,8.0,1.0,200.0,0.0,200000000.0,1.0,1.0
1484,8.0,1000000.0,8.0,1.0,200.0,0.0,200000000.0,1.0,1.0
1485,8.0,1000000.0,8.0,1.0,200.0,0.0,200000000.0,1.0,1.0
1486,8.0,1000000.0,8.0,1.0,200.0,0.0,200000000.0,1.0,1.0
1487,8.0,1000000.0,8.0,1.0,200.0,0.0,200000000.0,1.0,1.0
1488,7.980099502487562,1000000.0,8.0,1.0,201.0,0.0,201000000.0,1.0,2.0
1489,8.0,1000000.0,8.0,1.0,200.0,0.0,200000000.0,1.0,1.0
1490,8.0,1000000.0,8.0,1.0,200.0,0.0,200000000.0,1.0,1.0
1491,8.0,1000000.0,8.0,1.0,200.0,0.0,200000000.0,1.0,1.0
1492,8.0,1000000.0,8.0,1.0,200.0,0.0,200000000.0,1.0,1.0
1493,8.0,1000000.0,8.0,1.0,200.0,0.0,200000000.0,1.0,1.0
1494,8.0,1000000.0,8.0,1.0,200.0,0.0,200000000.0,1.0,1.0
1495,8.0,1000000.0,8.0,1.0,199.0,0.0,199000000.0,1.0,1.0
1496,8.0,1000000.0,8.0,1.0,201.0,0.0,201000000.0,1.0,1.0
1497,8.0,1000000.0,8.0,1.0,200.0,0.0,200000000.0,1.0,1.0
1498,8.0,1000000.0,8.0,1.0,200.0,0.0,200000000.0,1.0,1.0
1499,8.0,1000000.0,8.0,1.0,200.0,0.0,200000000.0,1.0,1.0
1500,8.0,1000000.0,8.0,1.0,200.0,0.0,200000000.0,1.0,1.0
1501,8.0,1000000.0,8.0,1.0,200.0,0.0,200000000.0,1.0,1.0
1502,8.0,1000000.0,8.0,1.0,200.0,0.0,200000000.0,1.0,1.0
1503,8.0,1000000.0,8.0,1.0,200.0,0.0,200000000.0,1.0,1.0
1504,8.0,1000000.0,8.0,1.0,200.0,0.0,200000000.0,1.0,1.0
1505,8.0,1000000.0,8.0,1.0,200.0,0.0,200000000.0,1.0,1.0
1506,8.065,1000000.0,9.0,1.0,200.0,0.0,200000000.0,1.0,1.0
1507,8.0,1000000.0,8.0,1.0,200.0,0.0,200000000.0,1.0,1.0
1508,8.0,1000000.0,8.0,1.0,200.0,0.0,200000000.0,1.0,1.0
1509,8.009950248756219,1000000.0,10.0,1.0,201.0,0.0,201000000.0,1.0,2.0
1510,8.0,1000000.0,8.0,1.0,200.0,0.0,200000000.0,1.0,1.0
1511,8.0,1000000.0,8.0,1.0,200.0,0.0,200000000.0,1.0,1.0
1512,8.0,1000000.0,8.0,1.0,200.0,0.0,200000000.0,1.0,1.0
1513,8.0,1000000.0,8.0,1.0,200.0,0.0,200000000.0,1.0,1.0
1514,8.0,1000000.0,8.0,1.0,200.0,0.0,200000000.0,1.0,1.0
1515,8.0,1000000.0,8.0,1.0,200.0,0.0,200000000.0,1.0,1.0
1516,8.0,1000000.0,8.0,1.0,200.0,0.0,200000000.0,1.0,1.0
1517,8.0,1000000.0,8.0,1.0,200.0,0.0,200000000.0,1.0,1.0
1518,8.0,1000000.0,8.0,1.0,200.0,0.0,200000000.0,1.0,1.0
1519,8.0,1000000.0,8.0,1.0,200.0,0.0,200000000.0,1.0,1.0
1520,8.0,1000000.0,8.0,1.0,200.0,0.0,200000000.0,1.0,1.0
1521,8.0,1000000.0,8.0,1.0,200.0,0.0,200000000.0,1.0,1.0
1522,8.0,1000000.0,8.0,1.0,200.0,0.0,200000000.0,1.0,1.0
1523,8.00497512437811,1000000.0,9.0,1.0,201.0,0.0,201000000.0,1.0,2.0
1524,8.0,1000000.0,8.0,1.0,200.0,0.0,200000000.0,1.0,1.0
1525,8.0,1000000.0,8.0,1.0,200.0,0.0,200000000.0,1.0,1.0
1526,8.0,1000000.0,8.0,1.0,199.0,0.0,199000000.0,1.0,1.0
1527,8.0,1000000.0,8.0,1.0,201.0,0.0,201000000.0,1.0,1.0
1528,8.0,1000000.0,8.0,1.0,200.0,0.0,200000000.0,1.0,1.0
1529,8.0,1000000.0,8.0,1.0,200.0,0.0,200000000.0,1.0,1.0
1530,8.0,1000000.0,8.0,1.0,200.0,0.0,200000000.0,1.0,1.0
1531,8.135,1000000.0,9.0,1.0,200.0,0.0,200000000.0,1.0,1.0
1532,10.814070351758794,1000000.0,11.0,1.0,199.0,0.0,199000000.0,1.0,1.0
1533,11.0,1000000.0,11.0,1.0,201.0,0.0,201000000.0,1.0,1.0
1534,11.0,1000000.0,11.0,1.0,200.0,0.0,200000000.0,1.0,1.0
1535,11.0,1000000.0,11.0,1.0,200.0,0.0,200000000.0,1.0,1.0
1536,11.0,1000000.0,11.0,1.0,200.0,0.0,200000000.0,1.0,1.0
1537,11.0,1000000.0,11.0,1.0,200.0,0.0,200000000.0,1.0,1.0
1538,11.0,1000000.0,11.0,1.0,200.0,0.0,200000000.0,1.0,1.0
1539,11.0,1000000.0,11.0,1.0,200.0,0.0,200000000.0,1.0,1.0
1540,11.0,1000000.0,11.0,1.0,200.0,0.0,200000000.0,1.0,1.0
1541,11.0,1000000.0,11.0,1.0,200.0,0.0,200000000.0,1.0,1.0
1542,11.0,1000000.0,11.0,1.0,200.0,0.0,200000000.0,1.0,1.0
1543,11.0,1000000.0,11.0,1.0,200.0,0.0,200000000.0,1.0,1.0
1544,11.0,1000000.0,11.0,1.0,200.0,0.0,200000000.0,1.0,1.0
1545,11.0,1000000.0,11.0,1.0,200.0,0.0,200000000.0,1.0,1.0
1546,11.0,1000000.0,11.0,1.0,200.0,0.0,200000000.0,1.0,1.0
1547,11.0,1000000.0,11.0,1.0,200.0,0.0,200000000.0,1.0,1.0
1548,11.0,1000000.0,11.0,1.0,200.0,0.0,200000000.0,1.0,1.0
1549,11.0,1000000.0,11.0,1.0,200.0,0.0,200000000.0,1.0,1.0
1550,11.0,1000000.0,11.0,1.0,200.0,0.0,200000000.0,1.0,1.0
1551,11.0,1000000.0,11.0,1.0,200.0,0.0,200000000.0,1.0,1.0
1552,11.0,1000000.0,11.0,1.0,200.0,0.0,200000000.0,1.0,1.0
1553,11.0,1000000.0,11.0,1.0,200.0,0.0,200000000.0,1.0,1.0
1554,11.0,1000000.0,11.0,1.0,200.0,0.0,200000000.0,1.0,1.0
1555,11.0,1000000.0,11.0,1.0,200.0,0.0,200000000.0,1.0,1.0
1556,11.0,1000000.0,11.0,1.0,200.0,0.0,200000000.0,1.0,1.0
1557,11.0,1000000.0,11.0,1.0,200.0,0.0,200000000.0,1.0,1.0
1558,11.0,1000000.0,11.0,1.0,200.0,0.0,200000000.0,1.0,1.0
1559,11.0,1000000.0,11.0,1.0,200.0,0.0,200000000.0,1.0,1.0
1560,11.0,1000000.0,11.0,1.0,200.0,0.0,200000000.0,1.0,1.0
1561,11.0,1000000.0,11.0,1.0,200.0,0.0,200000000.0,1.0,1.0
1562,11.0,1000000.0,11.0,1.0,200.0,0.0,200000000.0,1.0,1.0
1563,11.0,1000000.0,11.0,1.0,200.0,0.0,200000000.0,1.0,1.0
1564,11.0,1000000.0,11.0,1.0,200.0,0.0,200000000.0,1.0,1.0
1565,11.0,1000000.0,11.0,1.0,200.0,0.0,200000000.0,1.0,1.0
1566,11.0,1000000.0,11.0,1.0,200.0,0.0,200000000.0,1.0,1.0
1567,11.0,1000000.0,11.0,1.0,200.0,0.0,200000000.0,1.0,1.0
1568,11.0,1000000.0,11.0,1.0,200.0,0.0,200000000.0,1.0,1.0
1569,11.0,1000000.0,11.0,1.0,200.0,0.0,200000000.0,1.0,1.0
1570,11.0,1000000.0,11.0,1.0,200.0,0.0,200000000.0,1.0,1.0
1571,11.0,1000000.0,11.0,1.0,200.0,0.0,200000000.0,1.0,1.0
1572,11.0,1000000.0,11.0,1.0,200.0,0.0,200000000.0,1.0,1.0
1573,11.0,1000000.0,11.0,1.0,200.0,0.0,200000000.0,1.0,1.0
1574,11.0,1000000.0,11.0,1.0,200.0,0.0,200000000.0,1.0,1.0
1575,11.0,1000000.0,11.0,1.0,200.0,0.0,200000000.0,1.0,1.0
1576,10.99004975124378,1000000.0,11.0,1.0,201.0,0.0,201000000.0,1.0,2.0
1577,11.0,1000000.0,11.0,1.0,200.0,0.0,200000000.0,1.0,1.0
1578,11.0,1000000.0,11.0,1.0,200.0,0.0,200000000.0,1.0,1.0
1579,11.0,1000000.0,11.0,1.0,200.0,0.0,200000000.0,1.0,1.0
1580,11.0,1000000.0,11.0,1.0,200.0,0.0,200000000.0,1.0,1.0
1581,11.0,1000000.0,11.0,1.0,200.0,0.0,200000000.0,1.0,1.0
1582,10.355,1000000.0,11.0,1.0,200.0,0.0,200000000.0,1.0,1.0
1583,9.0,1000000.0,9.0,1.0,200.0,0.0,200000000.0,1.0,1.0
1584,9.0,1000000.0,9.0,1.0,200.0,0.0,200000000.0,1.0,1.0
1585,9.0,1000000.0,9.0,1.0,200.0,0.0,200000000.0,1.0,1.0
1586,9.0,1000000.0,9.0,1.0,200.0,0.0,200000000.0,1.0,1.0
1587,10.72,1000000.0,11.0,1.0,200.0,0.0,200000000.0,1.0,1.0
1588,11.0,1000000.0,11.0,1.0,200.0,0.0,200000000.0,1.0,1.0
1589,11.0,1000000.0,11.0,1.0,200.0,0.0,200000000.0,1.0,1.0
1590,11.0,1000000.0,11.0,1.0,200.0,0.0,200000000.0,1.0,1.0
1591,11.0,1000000.0,11.0,1.0,200.0,0.0,200000000.0,1.0,1.0
1592,11.0,1000000.0,11.0,1.0,200.0,0.0,200000000.0,1.0,1.0
1593,11.0,1000000.0,11.0,1.0,200.0,0.0,200000000.0,1.0,1.0
1594,11.0,1000000.0,11.0,1.0,200.0,0.0,200000000.0,1.0,1.0
1595,11.0,1000000.0,11.0,1.0,200.0,0.0,200000000.0,1.0,1.0
1596,11.0,1000000.0,11.0,1.0,200.0,0.0,200000000.0,1.0,1.0
1597,11.0,1000000.0,11.0,1.0,200.0,0.0,200000000.0,1.0,1.0
1598,11.0,1000000.0,11.0,1.0,200.0,0.0,200000000.0,1.0,1.0
1599,11.0,1000000.0,11.0,1.0,200.0,0.0,200000000.0,1.0,1.0
1600,11.0,1000000.0,11.0,1.0,200.0,0.0,200000000.0,1.0,1.0
1601,11.0,1000000.0,11.0,1.0,200.0,0.0,200000000.0,1.0,1.0
1602,11.0,1000000.0,11.0,1.0,200.0,0.0,200000000.0,1.0,1.0
1603,10.66,1000000.0,11.0,1.0,200.0,0.0,200000000.0,1.0,1.0
1604,9.0,1000000.0,9.0,1.0,200.0,0.0,200000000.0,1.0,1.0
1605,9.0,1000000.0,9.0,1.0,200.0,0.0,200000000.0,1.0,1.0
1606,9.0,1000000.0,9.0,1.0,200.0,0.0,200000000.0,1.0,1.0
1607,9.0,1000000.0,9.0,1.0,200.0,0.0,200000000.0,1.0,1.0
1608,9.14,1000000.0,11.0,1.0,200.0,0.0,200000000.0,1.0,1.0
1609,9.0,1000000.0,9.0,1.0,200.0,0.0,200000000.0,1.0,1.0
1610,9.0,1000000.0,9.0,1.0,200.0,0.0,200000000.0,1.0,1.0
1611,9.0,1000000.0,9.0,1.0,200.0,0.0,200000000.0,1.0,1.0
1612,9.0,1000000.0,9.0,1.0,200.0,0.0,200000000.0,1.0,1.0
1613,9.0,1000000.0,9.0,1.0,200.0,0.0,200000000.0,1.0,1.0
1614,9.0,1000000.0,9.0,1.0,200.0,0.0,200000000.0,1.0,1.0
1615,9.0,1000000.0,9.0,1.0,200.0,0.0,200000000.0,1.0,1.0
1616,9.0,1000000.0,9.0,1.0,200.0,0.0,200000000.0,1.0,1.0
1617,9.0,1000000.0,9.0,1.0,200.0,0.0,200000000.0,1.0,1.0
1618,9.0,1000000.0,9.0,1.0,200.0,0.0,200000000.0,1.0,1.0
1619,9.0,1000000.0,9.0,1.0,200.0,0.0,200000000.0,1.0,1.0
1620,9.0,1000000.0,9.0,1.0,200.0,0.0,200000000.0,1.0,1.0
1621,9.0,1000000.0,9.0,1.0,200.0,0.0,200000000.0,1.0,1.0
1622,9.0,1000000.0,9.0,1.0,200.0,0.0,200000000.0,1.0,1.0
1623,9.0,1000000.0,9.0,1.0,200.0,0.0,200000000.0,1.0,1.0
1624,8.975124378109452,1000000.0,9.0,1.0,201.0,0.0,201000000.0,1.0,2.0
1625,9.0,1000000.0,9.0,1.0,200.0,0.0,200000000.0,1.0,1.0
1626,9.0,1000000.0,9.0,1.0,200.0,0.0,200000000.0,1.0,1.0
1627,9.0,1000000.0,9.0,1.0,200.0,0.0,200000000.0,1.0,1.0
1628,9.0,1000000.0,9.0,1.0,200.0,0.0,200000000.0,1.0,1.0
1629,9.0,1000000.0,9.0,1.0,200.0,0.0,200000000.0,1.0,1.0
1630,9.0,1000000.0,9.0,1.0,200.0,0.0,200000000.0,1.0,1.0
1631,9.0,1000000.0,9.0,1.0,200.0,0.0,200000000.0,1.0,1.0
1632,9.0,1000000.0,9.0,1.0,200.0,0.0,200000000.0,1.0,1.0
1633,9.0,1000000.0,9.0,1.0,200.0,0.0,200000000.0,1.0,1.0
1634,9.0,1000000.0,9.0,1.0,200.0,0.0,200000000.0,1.0,1.0
1635,8.985074626865671,1000000.0,9.0,1.0,201.0,0.0,201000000.0,1.0,2.0
1636,9.0,1000000.0,9.0,1.0,200.0,0.0,200000000.0,1.0,1.0
1637,9.0,1000000.0,9.0,1.0,200.0,0.0,200000000.0,1.0,1.0
1638,9.0,1000000.0,9.0,1.0,200.0,0.0,200000000.0,1.0,1.0
1639,9.0,1000000.0,9.0,1.0,200.0,0.0,200000000.0,1.0,1.0
1640,9.0,1000000.0,9.0,1.0,200.0,0.0,200000000.0,1.0,1.0
1641,9.0,1000000.0,9.0,1.0,200.0,0.0,200000000.0,1.0,1.0
1642,9.0,1000000.0,9.0,1.0,200.0,0.0,200000000.0,1.0,1.0
1643,9.0,1000000.0,9.0,1.0,200.0,0.0,200000000.0,1.0,1.0
1644,9.0,1000000.0,9.0,1.0,200.0,0.0,200000000.0,1.0,1.0
1645,9.0,1000000.0,9.0,1.0,200.0,0.0,200000000.0,1.0,1.0
1646,9.0,1000000.0,9.0,1.0,200.0,0.0,200000000.0,1.0,1.0
1647,9.0,1000000.0,9.0,1.0,200.0,0.0,200000000.0,1.0,1.0
1648,9.0,1000000.0,9.0,1.0,200.0,0.0,200000000.0,1.0,1.0
1649,9.0,1000000.0,9.0,1.0,200.0,0.0,200000000.0,1.0,1.0
1650,9.0,1000000.0,9.0,1.0,200.0,0.0,200000000.0,1.0,1.0
1651,9.0,1000000.0,9.0,1.0,200.0,0.0,200000000.0,1.0,1.0
1652,9.0,1000000.0,9.0,1.0,200.0,0.0,200000000.0,1.0,1.0
1653,9.0,1000000.0,9.0,1.0,200.0,0.0,200000000.0,1.0,1.0
1654,9.045,1000000.0,10.0,1.0,200.0,0.0,200000000.0,1.0,1.0
1655,10.0,1000000.0,10.0,1.0,200.0,0.0,200000000.0,1.0,1.0
1656,10.0,1000000.0,10.0,1.0,200.0,0.0,200000000.0,1.0,1.0
1657,10.0,1000000.0,10.0,1.0,199.0,0.0,199000000.0,1.0,1.0
1658,9.487562189054726,1000000.0,11.0,1.0,201.0,0.0,201000000.0,1.0,1.0
1659,8.0,1000000.0,8.0,1.0,200.0,0.0,200000000.0,1.0,1.0
1660,8.0,1000000.0,8.0,1.0,200.0,0.0,200000000.0,1.0,1.0
1661,8.0,1000000.0,8.0,1.0,200.0,0.0,200000000.0,1.0,1.0
1662,8.0,1000000.0,8.0,1.0,200.0,0.0,200000000.0,1.0,1.0
1663,8.0,1000000.0,8.0,1.0,200.0,0.0,200000000.0,1.0,1.0
1664,8.0,1000000.0,8.0,1.0,200.0,0.0,200000000.0,1.0,1.0
1665,8.0,1000000.0,8.0,1.0,200.0,0.0,200000000.0,1.0,1.0
1666,8.0,1000000.0,8.0,1.0,200.0,0.0,200000000.0,1.0,1.0
1667,8.0,1000000.0,8.0,1.0,200.0,0.0,200000000.0,1.0,1.0
1668,8.0,1000000.0,8.0,1.0,200.0,0.0,200000000.0,1.0,1.0
1669,8.0,1000000.0,8.0,1.0,200.0,0.0,200000000.0,1.0,1.0
1670,8.0,1000000.0,8.0,1.0,200.0,0.0,200000000.0,1.0,1.0
1671,8.0,1000000.0,8.0,1.0,200.0,0.0,200000000.0,1.0,1.0
1672,8.0,1000000.0,8.0,1.0,200.0,0.0,200000000.0,1.0,1.0
1673,8.0,1000000.0,8.0,1.0,200.0,0.0,200000000.0,1.0,1.0
1674,8.0,1000000.0,8.0,1.0,200.0,0.0,200000000.0,1.0,1.0
1675,8.0,1000000.0,8.0,1.0,200.0,0.0,200000000.0,1.0,1.0
1676,8.0,1000000.0,8.0,1.0,200.0,0.0,200000000.0,1.0,1.0
1677,8.0,1000000.0,8.0,1.0,200.0,0.0,200000000.0,1.0,1.0
1678,8.00497512437811,1000000.0,9.0,1.0,201.0,0.0,201000000.0,1.0,2.0
1679,8.0,1000000.0,8.0,1.0,200.0,0.0,200000000.0,1.0,1.0
1680,8.0,1000000.0,8.0,1.0,200.0,0.0,200000000.0,1.0,1.0
1681,8.0,1000000.0,8.0,1.0,200.0,0.0,200000000.0,1.0,1.0
1682,8.00497512437811,1000000.0,9.0,1.0,201.0,0.0,201000000.0,1.0,2.0
1683,8.065,1000000.0,9.0,1.0,200.0,0.0,200000000.0,1.0,1.0
1684,9.01,1000000.0,11.0,1.0,200.0,0.0,200000000.0,1.0,1.0
1685,9.0,1000000.0,9.0,1.0,200.0,0.0,200000000.0,1.0,1.0
1686,9.0,1000000.0,9.0,1.0,200.0,0.0,200000000.0,1.0,1.0
1687,9.0,1000000.0,9.0,1.0,200.0,0.0,200000000.0,1.0,1.0
1688,9.0,1000000.0,9.0,1.0,200.0,0.0,200000000.0,1.0,1.0
1689,8.980099502487562,1000000.0,9.0,1.0,201.0,0.0,201000000.0,1.0,2.0
1690,9.0,1000000.0,9.0,1.0,200.0,0.0,200000000.0,1.0,1.0
1691,9.0,1000000.0,9.0,1.0,200.0,0.0,200000000.0,1.0,1.0
1692,9.0,1000000.0,9.0,1.0,200.0,0.0,200000000.0,1.0,1.0
1693,9.0,1000000.0,9.0,1.0,200.0,0.0,200000000.0,1.0,1.0
1694,9.0,1000000.0,9.0,1.0,200.0,0.0,200000000.0,1.0,1.0
1695,9.0,1000000.0,9.0,1.0,200.0,0.0,200000000.0,1.0,1.0
1696,9.0,1000000.0,9.0,1.0,200.0,0.0,200000000.0,1.0,1.0
1697,9.0,1000000.0,9.0,1.0,200.0,0.0,200000000.0,1.0,1.0
1698,9.0,1000000.0,9.0,1.0,200.0,0.0,200000000.0,1.0,1.0
1699,9.0,1000000.0,9.0,1.0,200.0,0.0,200000000.0,1.0,1.0
1700,9.0,1000000.0,9.0,1.0,200.0,0.0,200000000.0,1.0,1.0
1701,8.980099502487562,1000000.0,9.0,1.0,201.0,0.0,201000000.0,1.0,2.0
1702,9.0,1000000.0,9.0,1.0,200.0,0.0,200000000.0,1.0,1.0
1703,9.0,1000000.0,9.0,1.0,200.0,0.0,200000000.0,1.0,1.0
1704,9.0,1000000.0,9.0,1.0,200.0,0.0,200000000.0,1.0,1.0
1705,9.0,1000000.0,9.0,1.0,200.0,0.0,200000000.0,1.0,1.0
1706,9.0,1000000.0,9.0,1.0,200.0,0.0,200000000.0,1.0,1.0
1707,9.0,1000000.0,9.0,1.0,200.0,0.0,200000000.0,1.0,1.0
1708,9.0,1000000.0,9.0,1.0,200.0,0.0,200000000.0,1.0,1.0
1709,9.0,1000000.0,9.0,1.0,200.0,0.0,200000000.0,1.0,1.0
1710,9.0,1000000.0,9.0,1.0,200.0,0.0,200000000.0,1.0,1.0
1711,9.0,1000000.0,9.0,1.0,200.0,0.0,200000000.0,1.0,1.0
1712,9.0,1000000.0,9.0,1.0,200.0,0.0,200000000.0,1.0,1.0
1713,9.0,1000000.0,9.0,1.0,200.0,0.0,200000000.0,1.0,1.0
1714,9.0,1000000.0,9.0,1.0,200.0,0.0,200000000.0,1.0,1.0
1715,9.0,1000000.0,9.0,1.0,200.0,0.0,200000000.0,1.0,1.0
1716,9.0,1000000.0,9.0,1.0,199.0,0.0,199000000.0,1.0,1.0
1717,9.0,1000000.0,9.0,1.0,201.0,0.0,201000000.0,1.0,1.0
1718,9.0,1000000.0,9.0,1.0,200.0,0.0,200000000.0,1.0,1.0
1719,9.0,1000000.0,9.0,1.0,200.0,0.0,200000000.0,1.0,1.0
1720,9.0,1000000.0,9.0,1.0,200.0,0.0,200000000.0,1.0,1.0
1721,9.0,1000000.0,9.0,1.0,200.0,0.0,200000000.0,1.0,1.0
1722,9.0,1000000.0,9.0,1.0,200.0,0.0,200000000.0,1.0,1.0
1723,9.0,1000000.0,9.0,1.0,200.0,0.0,200000000.0,1.0,1.0
1724,9.0,1000000.0,9.0,1.0,200.0,0.0,200000000.0,1.0,1.0
1725,9.0,1000000.0,9.0,1.0,200.0,0.0,200000000.0,1.0,1.0
1726,9.0,1000000.0,9.0,1.0,200.0,0.0,200000000.0,1.0,1.0
1727,9.0,1000000.0,9.0,1.0,200.0,0.0,200000000.0,1.0,1.0
1728,9.0,1000000.0,9.0,1.0,200.0,0.0,200000000.0,1.0,1.0
1729,9.0,1000000.0,9.0,1.0,200.0,0.0,200000000.0,1.0,1.0
1730,9.0,1000000.0,9.0,1.0,200.0,0.0,200000000.0,1.0,1.0
1731,9.0,1000000.0,9.0,1.0,200.0,0.0,200000000.0,1.0,1.0
1732,9.0,1000000.0,9.0,1.0,200.0,0.0,200000000.0,1.0,1.0
1733,9.0,1000000.0,9.0,1.0,200.0,0.0,200000000.0,1.0,1.0
1734,8.785,1000000.0,10.0,1.0,200.0,0.0,200000000.0,1.0,1.0
1735,8.0,1000000.0,8.0,1.0,200.0,0.0,200000000.0,1.0,1.0
1736,8.0,1000000.0,8.0,1.0,200.0,0.0,200000000.0,1.0,1.0
1737,8.0,1000000.0,8.0,1.0,200.0,0.0,200000000.0,1.0,1.0
1738,8.0,1000000.0,8.0,1.0,200.0,0.0,200000000.0,1.0,1.0
1739,8.0,1000000.0,8.0,1.0,200.0,0.0,200000000.0,1.0,1.0
1740,8.0,1000000.0,8.0,1.0,200.0,0.0,200000000.0,1.0,1.0
1741,8.009950248756219,1000000.0,10.0,1.0,201.0,0.0,201000000.0,1.0,2.0
1742,8.29,1000000.0,9.0,1.0,200.0,0.0,200000000.0,1.0,1.0
1743,9.0,1000000.0,9.0,1.0,200.0,0.0,200000000.0,1.0,1.0
1744,9.14,1000000.0,11.0,1.0,200.0,0.0,200000000.0,1.0,1.0
1745,9.065,1000000.0,10.0,1.0,200.0,0.0,200000000.0,1.0,1.0
1746,9.015,1000000.0,10.0,1.0,200.0,0.0,200000000.0,1.0,1.0
1747,9.065,1000000.0,11.0,1.0,200.0,0.0,200000000.0,1.0,1.0
1748,10.395,1000000.0,11.0,1.0,200.0,0.0,200000000.0,1.0,1.0
1749,11.0,1000000.0,11.0,1.0,200.0,0.0,200000000.0,1.0,1.0
1750,11.0,1000000.0,11.0,1.0,200.0,0.0,200000000.0,1.0,1.0
1751,11.0,1000000.0,11.0,1.0,200.0,0.0,200000000.0,1.0,1.0
1752,11.0,1000000.0,11.0,1.0,200.0,0.0,200000000.0,1.0,1.0
1753,11.0,1000000.0,11.0,1.0,200.0,0.0,200000000.0,1.0,1.0
1754,11.0,1000000.0,11.0,1.0,200.0,0.0,200000000.0,1.0,1.0
1755,11.0,1000000.0,11.0,1.0,200.0,0.0,200000000.0,1.0,1.0
1756,11.0,1000000.0,11.0,1.0,200.0,0.0,200000000.0,1.0,1.0
1757,11.0,1000000.0,11.0,1.0,200.0,0.0,200000000.0,1.0,1.0
1758,11.0,1000000.0,11.0,1.0,200.0,0.0,200000000.0,1.0,1.0
1759,11.0,1000000.0,11.0,1.0,200.0,0.0,200000000.0,1.0,1.0
1760,11.0,1000000.0,11.0,1.0,200.0,0.0,200000000.0,1.0,1.0
1761,11.0,1000000.0,11.0,1.0,200.0,0.0,200000000.0,1.0,1.0
1762,11.0,1000000.0,11.0,1.0,200.0,0.0,200000000.0,1.0,1.0
1763,11.0,1000000.0,11.0,1.0,200.0,0.0,200000000.0,1.0,1.0
1764,11.0,1000000.0,11.0,1.0,200.0,0.0,200000000.0,1.0,1.0
1765,11.0,1000000.0,11.0,1.0,200.0,0.0,200000000.0,1.0,1.0
1766,10.970149253731345,1000000.0,11.0,1.0,201.0,0.0,201000000.0,1.0,2.0
1767,11.0,1000000.0,11.0,1.0,200.0,0.0,200000000.0,1.0,1.0
1768,11.0,1000000.0,11.0,1.0,200.0,0.0,200000000.0,1.0,1.0
1769,11.0,1000000.0,11.0,1.0,199.0,0.0,199000000.0,1.0,1.0
1770,11.0,1000000.0,11.0,1.0,201.0,0.0,201000000.0,1.0,1.0
1771,11.0,1000000.0,11.0,1.0,200.0,0.0,200000000.0,1.0,1.0
1772,11.0,1000000.0,11.0,1.0,199.0,0.0,199000000.0,1.0,1.0
1773,11.0,1000000.0,11.0,1.0,201.0,0.0,201000000.0,1.0,1.0
1774,11.0,1000000.0,11.0,1.0,200.0,0.0,200000000.0,1.0,1.0
1775,11.0,1000000.0,11.0,1.0,199.0,0.0,199000000.0,1.0,1.0
1776,11.0,1000000.0,11.0,1.0,201.0,0.0,201000000.0,1.0,1.0
1777,10.970149253731345,1000000.0,11.0,1.0,201.0,0.0,201000000.0,1.0,2.0
1778,11.0,1000000.0,11.0,1.0,200.0,0.0,200000000.0,1.0,1.0
1779,11.0,1000000.0,11.0,1.0,200.0,0.0,200000000.0,1.0,1.0
1780,11.0,1000000.0,11.0,1.0,200.0,0.0,200000000.0,1.0,1.0
1781,11.0,1000000.0,11.0,1.0,200.0,0.0,200000000.0,1.0,1.0
1782,11.0,1000000.0,11.0,1.0,200.0,0.0,200000000.0,1.0,1.0
1783,11.0,1000000.0,11.0,1.0,200.0,0.0,200000000.0,1.0,1.0
1784,11.0,1000000.0,11.0,1.0,200.0,0.0,200000000.0,1.0,1.0
1785,11.0,1000000.0,11.0,1.0,200.0,0.0,200000000.0,1.0,1.0
1786,11.0,1000000.0,11.0,1.0,200.0,0.0,200000000.0,1.0,1.0
1787,10.965174129353231,1000000.0,11.0,1.0,201.0,0.0,201000000.0,1.0,2.0
1788,11.0,1000000.0,11.0,1.0,200.0,0.0,200000000.0,1.0,1.0
1789,11.0,1000000.0,11.0,1.0,200.0,0.0,200000000.0,1.0,1.0
1790,11.0,1000000.0,11.0,1.0,200.0,0.0,200000000.0,1.0,1.0
1791,11.0,1000000.0,11.0,1.0,200.0,0.0,200000000.0,1.0,1.0
1792,11.0,1000000.0,11.0,1.0,200.0,0.0,200000000.0,1.0,1.0
1793,11.0,1000000.0,11.0,1.0,200.0,0.0,200000000.0,1.0,1.0
1794,11.0,1000000.0,11.0,1.0,200.0,0.0,200000000.0,1.0,1.0
1795,11.0,1000000.0,11.0,1.0,200.0,0.0,200000000.0,1.0,1.0
1796,11.0,1000000.0,11.0,1.0,200.0,0.0,200000000.0,1.0,1.0
1797,11.0,1000000.0,11.0,1.0,200.0,0.0,200000000.0,1.0,1.0
1798,11.0,1000000.0,11.0,1.0,200.0,0.0,200000000.0,1.0,1.0
1799,11.0,1000000.0,11.0,1.0,200.0,0.0,200000000.0,1.0,1.0
1800,11.0,1000000.0,11.0,1.0,200.0,0.0,200000000.0,1.0,1.0
1801,11.0,1000000.0,11.0,1.0,200.0,0.0,200000000.0,1.0,1.0
1802,11.0,1000000.0,11.0,1.0,200.0,0.0,200000000.0,1.0,1.0
1803,11.0,1000000.0,11.0,1.0,200.0,0.0,200000000.0,1.0,1.0
1804,10.7,1000000.0,11.0,1.0,200.0,0.0,200000000.0,1.0,1.0
1805,9.0,1000000.0,9.0,1.0,200.0,0.0,200000000.0,1.0,1.0
1806,9.0,1000000.0,9.0,1.0,200.0,0.0,200000000.0,1.0,1.0
1807,9.0,1000000.0,9.0,1.0,200.0,0.0,200000000.0,1.0,1.0
1808,9.0,1000000.0,9.0,1.0,200.0,0.0,200000000.0,1.0,1.0
1809,9.0,1000000.0,9.0,1.0,200.0,0.0,200000000.0,1.0,1.0
1810,8.98,1000000.0,11.0,1.0,200.0,0.0,200000000.0,1.0,1.0
1811,9.86,1000000.0,11.0,1.0,200.0,0.0,200000000.0,1.0,1.0
1812,11.0,1000000.0,11.0,1.0,200.0,0.0,200000000.0,1.0,1.0
1813,11.0,1000000.0,11.0,1.0,200.0,0.0,200000000.0,1.0,1.0
1814,11.0,1000000.0,11.0,1.0,200.0,0.0,200000000.0,1.0,1.0
1815,11.0,1000000.0,11.0,1.0,200.0,0.0,200000000.0,1.0,1.0
1816,11.0,1000000.0,11.0,1.0,200.0,0.0,200000000.0,1.0,1.0
1817,11.0,1000000.0,11.0,1.0,200.0,0.0,200000000.0,1.0,1.0
1818,11.0,1000000.0,11.0,1.0,200.0,0.0,200000000.0,1.0,1.0
1819,11.0,1000000.0,11.0,1.0,200.0,0.0,200000000.0,1.0,1.0
1820,10.985074626865671,1000000.0,11.0,1.0,201.0,0.0,201000000.0,1.0,2.0
1821,11.0,1000000.0,11.0,1.0,200.0,0.0,200000000.0,1.0,1.0
1822,11.0,1000000.0,11.0,1.0,200.0,0.0,200000000.0,1.0,1.0
1823,11.0,1000000.0,11.0,1.0,200.0,0.0,200000000.0,1.0,1.0
1824,11.0,1000000.0,11.0,1.0,200.0,0.0,200000000.0,1.0,1.0
1825,11.0,1000000.0,11.0,1.0,200.0,0.0,200000000.0,1.0,1.0
1826,11.0,1000000.0,11.0,1.0,200.0,0.0,200000000.0,1.0,1.0
1827,11.0,1000000.0,11.0,1.0,200.0,0.0,200000000.0,1.0,1.0
1828,11.0,1000000.0,11.0,1.0,200.0,0.0,200000000.0,1.0,1.0
1829,11.0,1000000.0,11.0,1.0,200.0,0.0,200000000.0,1.0,1.0
1830,10.985074626865671,1000000.0,11.0,1.0,201.0,0.0,201000000.0,1.0,2.0
1831,11.0,1000000.0,11.0,1.0,200.0,0.0,200000000.0,1.0,1.0
1832,11.0,1000000.0,11.0,1.0,200.0,0.0,200000000.0,1.0,1.0
1833,11.0,1000000.0,11.0,1.0,200.0,0.0,200000000.0,1.0,1.0
1834,11.0,1000000.0,11.0,1.0,200.0,0.0,200000000.0,1.0,1.0
1835,11.0,1000000.0,11.0,1.0,200.0,0.0,200000000.0,1.0,1.0
1836,11.0,1000000.0,11.0,1.0,200.0,0.0,200000000.0,1.0,1.0
1837,11.0,1000000.0,11.0,1.0,200.0,0.0,200000000.0,1.0,1.0
1838,11.0,1000000.0,11.0,1.0,200.0,0.0,200000000.0,1.0,1.0
1839,11.0,1000000.0,11.0,1.0,200.0,0.0,200000000.0,1.0,1.0
1840,11.0,1000000.0,11.0,1.0,200.0,0.0,200000000.0,1.0,1.0
1841,11.0,1000000.0,11.0,1.0,200.0,0.0,200000000.0,1.0,1.0
1842,11.0,1000000.0,11.0,1.0,200.0,0.0,200000000.0,1.0,1.0
1843,11.0,1000000.0,11.0,1.0,200.0,0.0,200000000.0,1.0,1.0
1844,11.0,1000000.0,11.0,1.0,200.0,0.0,200000000.0,1.0,1.0
1845,11.0,1000000.0,11.0,1.0,200.0,0.0,200000000.0,1.0,1.0
1846,11.0,1000000.0,11.0,1.0,200.0,0.0,200000000.0,1.0,1.0
1847,11.0,1000000.0,11.0,1.0,200.0,0.0,200000000.0,1.0,1.0
1848,11.0,1000000.0,11.0,1.0,200.0,0.0,200000000.0,1.0,1.0
1849,11.0,1000000.0,11.0,1.0,200.0,0.0,200000000.0,1.0,1.0
1850,11.0,1000000.0,11.0,1.0,200.0,0.0,200000000.0,1.0,1.0
1851,11.0,1000000.0,11.0,1.0,200.0,0.0,200000000.0,1.0,1.0
1852,11.0,1000000.0,11.0,1.0,200.0,0.0,200000000.0,1.0,1.0
1853,11.0,1000000.0,11.0,1.0,200.0,0.0,200000000.0,1.0,1.0
1854,11.0,1000000.0,11.0,1.0,200.0,0.0,200000000.0,1.0,1.0
1855,11.0,1000000.0,11.0,1.0,200.0,0.0,200000000.0,1.0,1.0
1856,11.0,1000000.0,11.0,1.0,200.0,0.0,200000000.0,1.0,1.0
1857,11.0,1000000.0,11.0,1.0,200.0,0.0,200000000.0,1.0,1.0
1858,11.0,1000000.0,11.0,1.0,200.0,0.0,200000000.0,1.0,1.0
1859,11.0,1000000.0,11.0,1.0,200.0,0.0,200000000.0,1.0,1.0
1860,11.0,1000000.0,11.0,1.0,200.0,0.0,200000000.0,1.0,1.0
1861,11.0,1000000.0,11.0,1.0,199.0,0.0,199000000.0,1.0,1.0
1862,11.0,1000000.0,11.0,1.0,201.0,0.0,201000000.0,1.0,1.0
1863,11.0,1000000.0,11.0,1.0,200.0,0.0,200000000.0,1.0,1.0
1864,11.0,1000000.0,11.0,1.0,200.0,0.0,200000000.0,1.0,1.0
1865,11.0,1000000.0,11.0,1.0,200.0,0.0,200000000.0,1.0,1.0
1866,11.0,1000000.0,11.0,1.0,200.0,0.0,200000000.0,1.0,1.0
1867,11.0,1000000.0,11.0,1.0,200.0,0.0,200000000.0,1.0,1.0
1868,11.0,1000000.0,11.0,1.0,200.0,0.0,200000000.0,1.0,1.0
1869,11.0,1000000.0,11.0,1.0,200.0,0.0,200000000.0,1.0,1.0
1870,11.0,1000000.0,11.0,1.0,200.0,0.0,200000000.0,1.0,1.0
1871,11.0,1000000.0,11.0,1.0,200.0,0.0,200000000.0,1.0,1.0
1872,9.14,1000000.0,11.0,1.0,200.0,0.0,200000000.0,1.0,1.0
1873,8.00497512437811,1000000.0,9.0,1.0,201.0,0.0,201000000.0,1.0,2.0
1874,8.06,1000000.0,11.0,1.0,200.0,0.0,200000000.0,1.0,1.0
1875,8.0,1000000.0,8.0,1.0,200.0,0.0,200000000.0,1.0,1.0
1876,8.0,1000000.0,8.0,1.0,200.0,0.0,200000000.0,1.0,1.0
1877,8.0,1000000.0,8.0,1.0,200.0,0.0,200000000.0,1.0,1.0
1878,8.4321608040201,1000000.0,10.0,1.0,199.0,0.0,199000000.0,1.0,1.0
1879,9.035,1000000.0,10.0,1.0,200.0,0.0,200000000.0,1.0,1.0
1880,9.27,1000000.0,11.0,1.0,200.0,0.0,200000000.0,1.0,1.0
1881,8.82,1000000.0,11.0,1.0,200.0,0.0,200000000.0,1.0,1.0
1882,9.195,1000000.0,11.0,1.0,200.0,0.0,200000000.0,1.0,1.0
1883,9.495,1000000.0,11.0,1.0,200.0,0.0,200000000.0,1.0,1.0
1884,8.23,1000000.0,9.0,1.0,200.0,0.0,200000000.0,1.0,1.0
1885,8.0,1000000.0,8.0,1.0,200.0,0.0,200000000.0,1.0,1.0
1886,8.18,1000000.0,11.0,1.0,200.0,0.0,200000000.0,1.0,1.0
1887,11.0,1000000.0,11.0,1.0,200.0,0.0,200000000.0,1.0,1.0
1888,11.0,1000000.0,11.0,1.0,200.0,0.0,200000000.0,1.0,1.0
1889,11.0,1000000.0,11.0,1.0,200.0,0.0,200000000.0,1.0,1.0
1890,11.0,1000000.0,11.0,1.0,200.0,0.0,200000000.0,1.0,1.0
1891,11.0,1000000.0,11.0,1.0,200.0,0.0,200000000.0,1.0,1.0
1892,11.0,1000000.0,11.0,1.0,200.0,0.0,200000000.0,1.0,1.0
1893,10.99004975124378,1000000.0,11.0,1.0,201.0,0.0,201000000.0,1.0,2.0
1894,11.0,1000000.0,11.0,1.0,200.0,0.0,200000000.0,1.0,1.0
1895,11.0,1000000.0,11.0,1.0,200.0,0.0,200000000.0,1.0,1.0
1896,11.0,1000000.0,11.0,1.0,200.0,0.0,200000000.0,1.0,1.0
1897,11.0,1000000.0,11.0,1.0,200.0,0.0,200000000.0,1.0,1.0
1898,10.85,1000000.0,11.0,1.0,200.0,0.0,200000000.0,1.0,1.0
1899,8.99502487562189,1000000.0,9.0,1.0,201.0,0.0,201000000.0,1.0,2.0
1900,9.0,1000000.0,9.0,1.0,200.0,0.0,200000000.0,1.0,1.0
1901,9.0,1000000.0,9.0,1.0,200.0,0.0,200000000.0,1.0,1.0
1902,9.0,1000000.0,9.0,1.0,200.0,0.0,200000000.0,1.0,1.0
1903,9.0,1000000.0,9.0,1.0,200.0,0.0,200000000.0,1.0,1.0
1904,9.0,1000000.0,9.0,1.0,200.0,0.0,200000000.0,1.0,1.0
1905,9.0,1000000.0,9.0,1.0,200.0,0.0,200000000.0,1.0,1.0
1906,9.0,1000000.0,9.0,1.0,200.0,0.0,200000000.0,1.0,1.0
1907,9.0,1000000.0,9.0,1.0,200.0,0.0,200000000.0,1.0,1.0
1908,9.0,1000000.0,9.0,1.0,200.0,0.0,200000000.0,1.0,1.0
1909,9.0,1000000.0,9.0,1.0,200.0,0.0,200000000.0,1.0,1.0
1910,9.0,1000000.0,9.0,1.0,200.0,0.0,200000000.0,1.0,1.0
1911,9.0,1000000.0,9.0,1.0,200.0,0.0,200000000.0,1.0,1.0
1912,9.0,1000000.0,9.0,1.0,200.0,0.0,200000000.0,1.0,1.0
1913,9.0,1000000.0,9.0,1.0,200.0,0.0,200000000.0,1.0,1.0
1914,9.0,1000000.0,9.0,1.0,200.0,0.0,200000000.0,1.0,1.0
1915,9.0,1000000.0,9.0,1.0,200.0,0.0,200000000.0,1.0,1.0
1916,9.0,1000000.0,9.0,1.0,200.0,0.0,200000000.0,1.0,1.0
1917,9.0,1000000.0,9.0,1.0,200.0,0.0,200000000.0,1.0,1.0
1918,9.0,1000000.0,9.0,1.0,200.0,0.0,200000000.0,1.0,1.0
1919,9.0,1000000.0,9.0,1.0,200.0,0.0,200000000.0,1.0,1.0
1920,9.0,1000000.0,9.0,1.0,200.0,0.0,200000000.0,1.0,1.0
1921,9.0,1000000.0,9.0,1.0,200.0,0.0,200000000.0,1.0,1.0
1922,9.0,1000000.0,9.0,1.0,200.0,0.0,200000000.0,1.0,1.0
1923,9.0,1000000.0,9.0,1.0,200.0,0.0,200000000.0,1.0,1.0
1924,9.0,1000000.0,9.0,1.0,200.0,0.0,200000000.0,1.0,1.0
1925,9.0,1000000.0,9.0,1.0,200.0,0.0,200000000.0,1.0,1.0
1926,9.0,1000000.0,9.0,1.0,200.0,0.0,200000000.0,1.0,1.0
1927,9.0,1000000.0,9.0,1.0,200.0,0.0,200000000.0,1.0,1.0
1928,9.0,1000000.0,9.0,1.0,200.0,0.0,200000000.0,1.0,1.0
1929,9.0,1000000.0,9.0,1.0,200.0,0.0,200000000.0,1.0,1.0
1930,9.0,1000000.0,9.0,1.0,200.0,0.0,200000000.0,1.0,1.0
1931,9.0,1000000.0,9.0,1.0,200.0,0.0,200000000.0,1.0,1.0
1932,9.0,1000000.0,9.0,1.0,200.0,0.0,200000000.0,1.0,1.0
1933,9.0,1000000.0,9.0,1.0,200.0,0.0,200000000.0,1.0,1.0
1934,9.0,1000000.0,9.0,1.0,200.0,0.0,200000000.0,1.0,1.0
1935,9.0,1000000.0,9.0,1.0,200.0,0.0,200000000.0,1.0,1.0
1936,9.0,1000000.0,9.0,1.0,200.0,0.0,200000000.0,1.0,1.0
1937,9.0,1000000.0,9.0,1.0,200.0,0.0,200000000.0,1.0,1.0
1938,9.0,1000000.0,9.0,1.0,200.0,0.0,200000000.0,1.0,1.0
1939,9.0,1000000.0,9.0,1.0,200.0,0.0,200000000.0,1.0,1.0
1940,9.0,1000000.0,9.0,1.0,200.0,0.0,200000000.0,1.0,1.0
1941,9.0,1000000.0,9.0,1.0,200.0,0.0,200000000.0,1.0,1.0
1942,9.0,1000000.0,9.0,1.0,200.0,0.0,200000000.0,1.0,1.0
1943,9.0,1000000.0,9.0,1.0,200.0,0.0,200000000.0,1.0,1.0
1944,9.0,1000000.0,9.0,1.0,200.0,0.0,200000000.0,1.0,1.0
1945,9.0,1000000.0,9.0,1.0,200.0,0.0,200000000.0,1.0,1.0
1946,9.0,1000000.0,9.0,1.0,200.0,0.0,200000000.0,1.0,1.0
1947,9.0,1000000.0,9.0,1.0,200.0,0.0,200000000.0,1.0,1.0
1948,9.0,1000000.0,9.0,1.0,200.0,0.0,200000000.0,1.0,1.0
1949,9.0,1000000.0,9.0,1.0,200.0,0.0,200000000.0,1.0,1.0
1950,9.0,1000000.0,9.0,1.0,200.0,0.0,200000000.0,1.0,1.0
1951,9.585,1000000.0,10.0,1.0,200.0,0.0,200000000.0,1.0,1.0
1952,10.0,1000000.0,10.0,1.0,200.0,0.0,200000000.0,1.0,1.0
1953,9.99004975124378,1000000.0,10.0,1.0,201.0,0.0,201000000.0,1.0,2.0
1954,10.0,1000000.0,10.0,1.0,200.0,0.0,200000000.0,1.0,1.0
1955,10.0,1000000.0,10.0,1.0,200.0,0.0,200000000.0,1.0,1.0
1956,10.0,1000000.0,10.0,1.0,200.0,0.0,200000000.0,1.0,1.0
1957,10.0,1000000.0,10.0,1.0,200.0,0.0,200000000.0,1.0,1.0
1958,10.0,1000000.0,10.0,1.0,200.0,0.0,200000000.0,1.0,1.0
1959,10.0,1000000.0,10.0,1.0,200.0,0.0,200000000.0,1.0,1.0
1960,10.0,1000000.0,10.0,1.0,200.0,0.0,200000000.0,1.0,1.0
1961,10.0,1000000.0,10.0,1.0,200.0,0.0,200000000.0,1.0,1.0
1962,9.9,1000000.0,11.0,1.0,200.0,0.0,200000000.0,1.0,1.0
1963,9.0,1000000.0,9.0,1.0,200.0,0.0,200000000.0,1.0,1.0
1964,9.0,1000000.0,9.0,1.0,200.0,0.0,200000000.0,1.0,1.0
1965,9.0,1000000.0,9.0,1.0,200.0,0.0,200000000.0,1.0,1.0
1966,9.21608040201005,1000000.0,11.0,1.0,199.0,0.0,199000000.0,1.0,1.0
1967,8.009950248756219,1000000.0,10.0,1.0,201.0,0.0,201000000.0,1.0,1.0
1968,8.0,1000000.0,8.0,1.0,200.0,0.0,200000000.0,1.0,1.0
1969,8.0,1000000.0,8.0,1.0,200.0,0.0,200000000.0,1.0,1.0
1970,8.0,1000000.0,8.0,1.0,200.0,0.0,200000000.0,1.0,1.0
1971,8.0,1000000.0,8.0,1.0,200.0,0.0,200000000.0,1.0,1.0
1972,8.0,1000000.0,8.0,1.0,200.0,0.0,200000000.0,1.0,1.0
1973,8.0,1000000.0,8.0,1.0,200.0,0.0,200000000.0,1.0,1.0
1974,8.0,1000000.0,8.0,1.0,200.0,0.0,200000000.0,1.0,1.0
1975,8.0,1000000.0,8.0,1.0,200.0,0.0,200000000.0,1.0,1.0
1976,8.0,1000000.0,8.0,1.0,200.0,0.0,200000000.0,1.0,1.0
1977,8.0,1000000.0,8.0,1.0,200.0,0.0,200000000.0,1.0,1.0
1978,8.0,1000000.0,8.0,1.0,200.0,0.0,200000000.0,1.0,1.0
1979,8.0,1000000.0,8.0,1.0,200.0,0.0,200000000.0,1.0,1.0
1980,8.0,1000000.0,8.0,1.0,200.0,0.0,200000000.0,1.0,1.0
1981,7.980099502487562,1000000.0,8.0,1.0,201.0,0.0,201000000.0,1.0,2.0
1982,7.980099502487562,1000000.0,8.0,1.0,201.0,0.0,201000000.0,1.0,2.0
1983,8.0,1000000.0,8.0,1.0,200.0,0.0,200000000.0,1.0,1.0
1984,8.0,1000000.0,8.0,1.0,200.0,0.0,200000000.0,1.0,1.0
1985,8.0,1000000.0,8.0,1.0,200.0,0.0,200000000.0,1.0,1.0
1986,8.0,1000000.0,8.0,1.0,200.0,0.0,200000000.0,1.0,1.0
1987,8.0,1000000.0,8.0,1.0,200.0,0.0,200000000.0,1.0,1.0
1988,8.0,1000000.0,8.0,1.0,200.0,0.0,200000000.0,1.0,1.0
1989,8.0,1000000.0,8.0,1.0,200.0,0.0,200000000.0,1.0,1.0
1990,8.0,1000000.0,8.0,1.0,200.0,0.0,200000000.0,1.0,1.0
1991,8.0,1000000.0,8.0,1.0,200.0,0.0,200000000.0,1.0,1.0
1992,8.0,1000000.0,8.0,1.0,200.0,0.0,200000000.0,1.0,1.0
1993,8.0,1000000.0,8.0,1.0,200.0,0.0,200000000.0,1.0,1.0
1994,8.0,1000000.0,8.0,1.0,200.0,0.0,200000000.0,1.0,1.0
1995,8.0,1000000.0,8.0,1.0,200.0,0.0,200000000.0,1.0,1.0
1996,8.0,1000000.0,8.0,1.0,200.0,0.0,200000000.0,1.0,1.0
1997,8.0,1000000.0,8.0,1.0,200.0,0.0,200000000.0,1.0,1.0
1998,8.0,1000000.0,8.0,1.0,200.0,0.0,200000000.0,1.0,1.0
1999,8.0,1000000.0,8.0,1.0,200.0,0.0,200000000.0,1.0,1.0
2000,8.0,1000000.0,8.0,1.0,200.0,0.0,200000000.0,1.0,1.0
2001,8.0,1000000.0,8.0,1.0,200.0,0.0,200000000.0,1.0,1.0
2002,8.0,1000000.0,8.0,1.0,200.0,0.0,200000000.0,1.0,1.0
2003,8.0,1000000.0,8.0,1.0,200.0,0.0,200000000.0,1.0,1.0
2004,8.0,1000000.0,8.0,1.0,200.0,0.0,200000000.0,1.0,1.0
2005,8.0,1000000.0,8.0,1.0,200.0,0.0,200000000.0,1.0,1.0
2006,8.0,1000000.0,8.0,1.0,200.0,0.0,200000000.0,1.0,1.0
2007,8.0,1000000.0,8.0,1.0,200.0,0.0,200000000.0,1.0,1.0
2008,8.0,1000000.0,8.0,1.0,200.0,0.0,200000000.0,1.0,1.0
2009,8.0,1000000.0,8.0,1.0,200.0,0.0,200000000.0,1.0,1.0
2010,8.0,1000000.0,8.0,1.0,200.0,0.0,200000000.0,1.0,1.0
2011,8.0,1000000.0,8.0,1.0,200.0,0.0,200000000.0,1.0,1.0
2012,8.0,1000000.0,8.0,1.0,200.0,0.0,200000000.0,1.0,1.0
2013,8.0,1000000.0,8.0,1.0,200.0,0.0,200000000.0,1.0,1.0
2014,8.0,1000000.0,8.0,1.0,200.0,0.0,200000000.0,1.0,1.0
2015,8.0,1000000.0,8.0,1.0,200.0,0.0,200000000.0,1.0,1.0
2016,8.0,1000000.0,8.0,1.0,200.0,0.0,200000000.0,1.0,1.0
2017,8.0,1000000.0,8.0,1.0,200.0,0.0,200000000.0,1.0,1.0
2018,8.0,1000000.0,8.0,1.0,200.0,0.0,200000000.0,1.0,1.0
2019,8.0,1000000.0,8.0,1.0,200.0,0.0,200000000.0,1.0,1.0
2020,8.0,1000000.0,8.0,1.0,200.0,0.0,200000000.0,1.0,1.0
2021,8.0,1000000.0,8.0,1.0,200.0,0.0,200000000.0,1.0,1.0
2022,8.0,1000000.0,8.0,1.0,200.0,0.0,200000000.0,1.0,1.0
2023,8.49,1000000.0,10.0,1.0,200.0,0.0,200000000.0,1.0,1.0
2024,10.0,1000000.0,10.0,1.0,200.0,0.0,200000000.0,1.0,1.0
2025,10.0,1000000.0,10.0,1.0,200.0,0.0,200000000.0,1.0,1.0
2026,10.0,1000000.0,10.0,1.0,200.0,0.0,200000000.0,1.0,1.0
2027,10.0,1000000.0,10.0,1.0,200.0,0.0,200000000.0,1.0,1.0
2028,10.0,1000000.0,10.0,1.0,200.0,0.0,200000000.0,1.0,1.0
2029,9.99004975124378,1000000.0,10.0,1.0,201.0,0.0,201000000.0,1.0,2.0
2030,10.0,1000000.0,10.0,1.0,200.0,0.0,200000000.0,1.0,1.0
2031,10.0,1000000.0,10.0,1.0,200.0,0.0,200000000.0,1.0,1.0
2032,10.0,1000000.0,10.0,1.0,200.0,0.0,200000000.0,1.0,1.0
2033,10.0,1000000.0,10.0,1.0,200.0,0.0,200000000.0,1.0,1.0
2034,10.0,1000000.0,10.0,1.0,200.0,0.0,200000000.0,1.0,1.0
2035,10.0,1000000.0,10.0,1.0,200.0,0.0,200000000.0,1.0,1.0
2036,10.0,1000000.0,10.0,1.0,200.0,0.0,200000000.0,1.0,1.0
2037,10.0,1000000.0,10.0,1.0,200.0,0.0,200000000.0,1.0,1.0
2038,10.265,1000000.0,11.0,1.0,200.0,0.0,200000000.0,1.0,1.0
2039,11.0,1000000.0,11.0,1.0,200.0,0.0,200000000.0,1.0,1.0
2040,10.985074626865671,1000000.0,11.0,1.0,201.0,0.0,201000000.0,1.0,2.0
2041,11.0,1000000.0,11.0,1.0,200.0,0.0,200000000.0,1.0,1.0
2042,10.99004975124378,1000000.0,11.0,1.0,201.0,0.0,201000000.0,1.0,2.0
2043,11.0,1000000.0,11.0,1.0,200.0,0.0,200000000.0,1.0,1.0
2044,11.0,1000000.0,11.0,1.0,200.0,0.0,200000000.0,1.0,1.0
2045,11.0,1000000.0,11.0,1.0,200.0,0.0,200000000.0,1.0,1.0
2046,11.0,1000000.0,11.0,1.0,200.0,0.0,200000000.0,1.0,1.0
2047,11.0,1000000.0,11.0,1.0,200.0,0.0,200000000.0,1.0,1.0
2048,10.49,1000000.0,11.0,1.0,200.0,0.0,200000000.0,1.0,1.0
2049,9.795,1000000.0,10.0,1.0,200.0,0.0,200000000.0,1.0,1.0
2050,10.0,1000000.0,10.0,1.0,200.0,0.0,200000000.0,1.0,1.0
2051,10.0,1000000.0,10.0,1.0,200.0,0.0,200000000.0,1.0,1.0
2052,10.0,1000000.0,10.0,1.0,200.0,0.0,200000000.0,1.0,1.0
2053,10.0,1000000.0,10.0,1.0,200.0,0.0,200000000.0,1.0,1.0
2054,10.0,1000000.0,10.0,1.0,200.0,0.0,200000000.0,1.0,1.0
2055,10.0,1000000.0,10.0,1.0,200.0,0.0,200000000.0,1.0,1.0
2056,10.0,1000000.0,10.0,1.0,200.0,0.0,200000000.0,1.0,1.0
2057,10.0,1000000.0,10.0,1.0,200.0,0.0,200000000.0,1.0,1.0
2058,10.0,1000000.0,10.0,1.0,200.0,0.0,200000000.0,1.0,1.0
2059,10.0,1000000.0,10.0,1.0,200.0,0.0,200000000.0,1.0,1.0
2060,10.0,1000000.0,10.0,1.0,200.0,0.0,200000000.0,1.0,1.0
2061,10.0,1000000.0,10.0,1.0,200.0,0.0,200000000.0,1.0,1.0
2062,10.0,1000000.0,10.0,1.0,200.0,0.0,200000000.0,1.0,1.0
2063,10.0,1000000.0,10.0,1.0,200.0,0.0,200000000.0,1.0,1.0
2064,10.0,1000000.0,10.0,1.0,200.0,0.0,200000000.0,1.0,1.0
2065,10.0,1000000.0,10.0,1.0,200.0,0.0,200000000.0,1.0,1.0
2066,10.0,1000000.0,10.0,1.0,200.0,0.0,200000000.0,1.0,1.0
2067,10.0,1000000.0,10.0,1.0,200.0,0.0,200000000.0,1.0,1.0
2068,10.0,1000000.0,10.0,1.0,200.0,0.0,200000000.0,1.0,1.0
2069,10.0,1000000.0,10.0,1.0,200.0,0.0,200000000.0,1.0,1.0
2070,10.0,1000000.0,10.0,1.0,200.0,0.0,200000000.0,1.0,1.0
2071,10.0,1000000.0,10.0,1.0,200.0,0.0,200000000.0,1.0,1.0
2072,10.0,1000000.0,10.0,1.0,200.0,0.0,200000000.0,1.0,1.0
2073,10.0,1000000.0,10.0,1.0,200.0,0.0,200000000.0,1.0,1.0
2074,9.970149253731345,1000000.0,10.0,1.0,201.0,0.0,201000000.0,1.0,2.0
2075,10.0,1000000.0,10.0,1.0,200.0,0.0,200000000.0,1.0,1.0
2076,10.0,1000000.0,10.0,1.0,200.0,0.0,200000000.0,1.0,1.0
2077,10.0,1000000.0,10.0,1.0,200.0,0.0,200000000.0,1.0,1.0
2078,10.0,1000000.0,10.0,1.0,199.0,0.0,199000000.0,1.0,1.0
2079,10.0,1000000.0,10.0,1.0,201.0,0.0,201000000.0,1.0,1.0
2080,10.0,1000000.0,10.0,1.0,200.0,0.0,200000000.0,1.0,1.0
2081,10.0,1000000.0,10.0,1.0,200.0,0.0,200000000.0,1.0,1.0
2082,10.0,1000000.0,10.0,1.0,200.0,0.0,200000000.0,1.0,1.0
2083,10.0,1000000.0,10.0,1.0,200.0,0.0,200000000.0,1.0,1.0
2084,10.0,1000000.0,10.0,1.0,200.0,0.0,200000000.0,1.0,1.0
2085,10.0,1000000.0,10.0,1.0,200.0,0.0,200000000.0,1.0,1.0
2086,10.0,1000000.0,10.0,1.0,200.0,0.0,200000000.0,1.0,1.0
2087,10.0,1000000.0,10.0,1.0,200.0,0.0,200000000.0,1.0,1.0
2088,10.0,1000000.0,10.0,1.0,200.0,0.0,200000000.0,1.0,1.0
2089,10.0,1000000.0,10.0,1.0,200.0,0.0,200000000.0,1.0,1.0
2090,10.0,1000000.0,10.0,1.0,200.0,0.0,200000000.0,1.0,1.0
2091,10.0,1000000.0,10.0,1.0,200.0,0.0,200000000.0,1.0,1.0
2092,10.0,1000000.0,10.0,1.0,200.0,0.0,200000000.0,1.0,1.0
2093,10.0,1000000.0,10.0,1.0,200.0,0.0,200000000.0,1.0,1.0
2094,10.0,1000000.0,10.0,1.0,200.0,0.0,200000000.0,1.0,1.0
2095,10.0,1000000.0,10.0,1.0,200.0,0.0,200000000.0,1.0,1.0
2096,10.0,1000000.0,10.0,1.0,200.0,0.0,200000000.0,1.0,1.0
2097,10.0,1000000.0,10.0,1.0,200.0,0.0,200000000.0,1.0,1.0
2098,10.0,1000000.0,10.0,1.0,200.0,0.0,200000000.0,1.0,1.0
2099,10.0,1000000.0,10.0,1.0,200.0,0.0,200000000.0,1.0,1.0
2100,10.0,1000000.0,10.0,1.0,200.0,0.0,200000000.0,1.0,1.0
2101,10.0,1000000.0,10.0,1.0,200.0,0.0,200000000.0,1.0,1.0
2102,10.0,1000000.0,10.0,1.0,200.0,0.0,200000000.0,1.0,1.0
2103,10.0,1000000.0,10.0,1.0,200.0,0.0,200000000.0,1.0,1.0
2104,9.635,1000000.0,10.0,1.0,200.0,0.0,200000000.0,1.0,1.0
2105,9.0,1000000.0,9.0,1.0,200.0,0.0,200000000.0,1.0,1.0
2106,9.0,1000000.0,9.0,1.0,200.0,0.0,200000000.0,1.0,1.0
2107,9.00497512437811,1000000.0,10.0,1.0,201.0,0.0,201000000.0,1.0,2.0
2108,9.0,1000000.0,9.0,1.0,200.0,0.0,200000000.0,1.0,1.0
2109,9.0,1000000.0,9.0,1.0,200.0,0.0,200000000.0,1.0,1.0
2110,9.0,1000000.0,9.0,1.0,200.0,0.0,200000000.0,1.0,1.0
2111,9.0,1000000.0,9.0,1.0,200.0,0.0,200000000.0,1.0,1.0
2112,9.0,1000000.0,9.0,1.0,200.0,0.0,200000000.0,1.0,1.0
2113,9.0,1000000.0,9.0,1.0,200.0,0.0,200000000.0,1.0,1.0
2114,9.265,1000000.0,11.0,1.0,200.0,0.0,200000000.0,1.0,1.0
2115,9.0,1000000.0,9.0,1.0,200.0,0.0,200000000.0,1.0,1.0
2116,9.0,1000000.0,9.0,1.0,200.0,0.0,200000000.0,1.0,1.0
2117,9.0,1000000.0,9.0,1.0,200.0,0.0,200000000.0,1.0,1.0
2118,9.0,1000000.0,9.0,1.0,200.0,0.0,200000000.0,1.0,1.0
2119,9.0,1000000.0,9.0,1.0,200.0,0.0,200000000.0,1.0,1.0
2120,9.0,1000000.0,9.0,1.0,200.0,0.0,200000000.0,1.0,1.0
2121,9.0,1000000.0,9.0,1.0,200.0,0.0,200000000.0,1.0,1.0
2122,9.0,1000000.0,9.0,1.0,200.0,0.0,200000000.0,1.0,1.0
2123,9.0,1000000.0,9.0,1.0,200.0,0.0,200000000.0,1.0,1.0
2124,9.970149253731345,1000000.0,10.0,1.0,201.0,0.0,201000000.0,1.0,2.0
2125,10.0,1000000.0,10.0,1.0,200.0,0.0,200000000.0,1.0,1.0
2126,10.0,1000000.0,10.0,1.0,200.0,0.0,200000000.0,1.0,1.0
2127,10.0,1000000.0,10.0,1.0,200.0,0.0,200000000.0,1.0,1.0
2128,10.0,1000000.0,10.0,1.0,200.0,0.0,200000000.0,1.0,1.0
2129,10.0,1000000.0,10.0,1.0,200.0,0.0,200000000.0,1.0,1.0
2130,10.0,1000000.0,10.0,1.0,200.0,0.0,200000000.0,1.0,1.0
2131,10.0,1000000.0,10.0,1.0,200.0,0.0,200000000.0,1.0,1.0
2132,10.0,1000000.0,10.0,1.0,200.0,0.0,200000000.0,1.0,1.0
2133,9.970149253731345,1000000.0,10.0,1.0,201.0,0.0,201000000.0,1.0,2.0
2134,10.0,1000000.0,10.0,1.0,200.0,0.0,200000000.0,1.0,1.0
2135,10.0,1000000.0,10.0,1.0,200.0,0.0,200000000.0,1.0,1.0
2136,10.0,1000000.0,10.0,1.0,200.0,0.0,200000000.0,1.0,1.0
2137,10.0,1000000.0,10.0,1.0,200.0,0.0,200000000.0,1.0,1.0
2138,10.0,1000000.0,10.0,1.0,200.0,0.0,200000000.0,1.0,1.0
2139,10.0,1000000.0,10.0,1.0,200.0,0.0,200000000.0,1.0,1.0
2140,10.0,1000000.0,10.0,1.0,200.0,0.0,200000000.0,1.0,1.0
2141,10.0,1000000.0,10.0,1.0,200.0,0.0,200000000.0,1.0,1.0
2142,10.0,1000000.0,10.0,1.0,200.0,0.0,200000000.0,1.0,1.0
2143,10.0,1000000.0,10.0,1.0,200.0,0.0,200000000.0,1.0,1.0
2144,10.0,1000000.0,10.0,1.0,200.0,0.0,200000000.0,1.0,1.0
2145,10.0,1000000.0,10.0,1.0,200.0,0.0,200000000.0,1.0,1.0
2146,10.0,1000000.0,10.0,1.0,200.0,0.0,200000000.0,1.0,1.0
2147,10.0,1000000.0,10.0,1.0,200.0,0.0,200000000.0,1.0,1.0
2148,10.0,1000000.0,10.0,1.0,200.0,0.0,200000000.0,1.0,1.0
2149,10.0,1000000.0,10.0,1.0,200.0,0.0,200000000.0,1.0,1.0
2150,10.0,1000000.0,10.0,1.0,200.0,0.0,200000000.0,1.0,1.0
2151,10.0,1000000.0,10.0,1.0,200.0,0.0,200000000.0,1.0,1.0
2152,10.0,1000000.0,10.0,1.0,200.0,0.0,200000000.0,1.0,1.0
2153,10.0,1000000.0,10.0,1.0,200.0,0.0,200000000.0,1.0,1.0
2154,10.0,1000000.0,10.0,1.0,200.0,0.0,200000000.0,1.0,1.0
2155,10.0,1000000.0,10.0,1.0,200.0,0.0,200000000.0,1.0,1.0
2156,10.0,1000000.0,10.0,1.0,200.0,0.0,200000000.0,1.0,1.0
2157,10.0,1000000.0,10.0,1.0,200.0,0.0,200000000.0,1.0,1.0
2158,10.0,1000000.0,10.0,1.0,200.0,0.0,200000000.0,1.0,1.0
2159,10.0,1000000.0,10.0,1.0,200.0,0.0,200000000.0,1.0,1.0
2160,10.0,1000000.0,10.0,1.0,200.0,0.0,200000000.0,1.0,1.0
2161,9.975124378109452,1000000.0,10.0,1.0,201.0,0.0,201000000.0,1.0,2.0
2162,10.0,1000000.0,10.0,1.0,200.0,0.0,200000000.0,1.0,1.0
2163,10.0,1000000.0,10.0,1.0,200.0,0.0,200000000.0,1.0,1.0
2164,10.0,1000000.0,10.0,1.0,200.0,0.0,200000000.0,1.0,1.0
2165,10.0,1000000.0,10.0,1.0,200.0,0.0,200000000.0,1.0,1.0
2166,10.0,1000000.0,10.0,1.0,200.0,0.0,200000000.0,1.0,1.0
2167,10.0,1000000.0,10.0,1.0,200.0,0.0,200000000.0,1.0,1.0
2168,10.0,1000000.0,10.0,1.0,200.0,0.0,200000000.0,1.0,1.0
2169,10.0,1000000.0,10.0,1.0,200.0,0.0,200000000.0,1.0,1.0
2170,10.0,1000000.0,10.0,1.0,200.0,0.0,200000000.0,1.0,1.0
2171,10.0,1000000.0,10.0,1.0,200.0,0.0,200000000.0,1.0,1.0
2172,9.845,1000000.0,10.0,1.0,200.0,0.0,200000000.0,1.0,1.0
2173,9.0,1000000.0,9.0,1.0,200.0,0.0,200000000.0,1.0,1.0
2174,9.0,1000000.0,9.0,1.0,200.0,0.0,200000000.0,1.0,1.0
2175,9.0,1000000.0,9.0,1.0,200.0,0.0,200000000.0,1.0,1.0
2176,9.0,1000000.0,9.0,1.0,200.0,0.0,200000000.0,1.0,1.0
2177,9.0,1000000.0,9.0,1.0,200.0,0.0,200000000.0,1.0,1.0
2178,9.0,1000000.0,9.0,1.0,200.0,0.0,200000000.0,1.0,1.0
2179,9.0,1000000.0,9.0,1.0,200.0,0.0,200000000.0,1.0,1.0
2180,9.0,1000000.0,9.0,1.0,200.0,0.0,200000000.0,1.0,1.0
2181,9.0,1000000.0,9.0,1.0,200.0,0.0,200000000.0,1.0,1.0
2182,9.0,1000000.0,9.0,1.0,200.0,0.0,200000000.0,1.0,1.0
2183,9.0,1000000.0,9.0,1.0,200.0,0.0,200000000.0,1.0,1.0
2184,9.0,1000000.0,9.0,1.0,200.0,0.0,200000000.0,1.0,1.0
2185,9.0,1000000.0,9.0,1.0,200.0,0.0,200000000.0,1.0,1.0
2186,9.0,1000000.0,9.0,1.0,200.0,0.0,200000000.0,1.0,1.0
2187,9.0,1000000.0,9.0,1.0,200.0,0.0,200000000.0,1.0,1.0
2188,9.0,1000000.0,10.0,1.0,202.0,0.0,202000000.0,1.0,3.0
2189,9.0,1000000.0,9.0,1.0,200.0,0.0,200000000.0,1.0,1.0
2190,7.225,1000000.0,9.0,1.0,200.0,0.0,200000000.0,1.0,1.0
2191,4.0,1000000.0,4.0,1.0,200.0,0.0,200000000.0,1.0,1.0
2192,4.0,1000000.0,4.0,1.0,200.0,0.0,200000000.0,1.0,1.0
2193,4.0,1000000.0,4.0,1.0,200.0,0.0,200000000.0,1.0,1.0
2194,4.0,1000000.0,4.0,1.0,200.0,0.0,200000000.0,1.0,1.0
2195,4.0,1000000.0,4.0,1.0,200.0,0.0,200000000.0,1.0,1.0
2196,4.0,1000000.0,4.0,1.0,200.0,0.0,200000000.0,1.0,1.0
2197,4.0,1000000.0,4.0,1.0,200.0,0.0,200000000.0,1.0,1.0
2198,4.0,1000000.0,4.0,1.0,200.0,0.0,200000000.0,1.0,1.0
2199,4.0,1000000.0,4.0,1.0,200.0,0.0,200000000.0,1.0,1.0
2200,4.0,1000000.0,4.0,1.0,200.0,0.0,200000000.0,1.0,1.0
2201,4.0,1000000.0,4.0,1.0,200.0,0.0,200000000.0,1.0,1.0
2202,4.0,1000000.0,4.0,1.0,200.0,0.0,200000000.0,1.0,1.0
2203,4.0,1000000.0,4.0,1.0,200.0,0.0,200000000.0,1.0,1.0
2204,4.009950248756219,1000000.0,6.0,1.0,201.0,0.0,201000000.0,1.0,2.0
2205,4.0,1000000.0,4.0,1.0,200.0,0.0,200000000.0,1.0,1.0
2206,4.0,1000000.0,4.0,1.0,200.0,0.0,200000000.0,1.0,1.0
2207,4.0,1000000.0,4.0,1.0,200.0,0.0,200000000.0,1.0,1.0
2208,4.57,1000000.0,6.0,1.0,200.0,0.0,200000000.0,1.0,1.0
2209,6.0,1000000.0,6.0,1.0,200.0,0.0,200000000.0,1.0,1.0
2210,6.0,1000000.0,6.0,1.0,200.0,0.0,200000000.0,1.0,1.0
2211,6.0,1000000.0,6.0,1.0,200.0,0.0,200000000.0,1.0,1.0
2212,6.0,1000000.0,6.0,1.0,200.0,0.0,200000000.0,1.0,1.0
2213,6.0,1000000.0,6.0,1.0,200.0,0.0,200000000.0,1.0,1.0
2214,6.0,1000000.0,6.0,1.0,200.0,0.0,200000000.0,1.0,1.0
2215,5.99,1000000.0,6.0,1.0,200.0,0.0,200000000.0,1.0,1.0
2216,4.9950248756218905,1000000.0,5.0,1.0,201.0,0.0,201000000.0,1.0,2.0
2217,5.0,1000000.0,5.0,1.0,200.0,0.0,200000000.0,1.0,1.0
2218,5.0,1000000.0,5.0,1.0,200.0,0.0,200000000.0,1.0,1.0
2219,5.0,1000000.0,5.0,1.0,200.0,0.0,200000000.0,1.0,1.0
2220,5.0,1000000.0,5.0,1.0,200.0,0.0,200000000.0,1.0,1.0
2221,5.0,1000000.0,5.0,1.0,200.0,0.0,200000000.0,1.0,1.0
2222,5.0,1000000.0,5.0,1.0,200.0,0.0,200000000.0,1.0,1.0
2223,5.0,1000000.0,5.0,1.0,200.0,0.0,200000000.0,1.0,1.0
2224,5.71,1000000.0,6.0,1.0,200.0,0.0,200000000.0,1.0,1.0
2225,6.0,1000000.0,6.0,1.0,200.0,0.0,200000000.0,1.0,1.0
2226,5.990049751243781,1000000.0,6.0,1.0,201.0,0.0,201000000.0,1.0,2.0
2227,6.0,1000000.0,6.0,1.0,200.0,0.0,200000000.0,1.0,1.0
2228,6.0,1000000.0,6.0,1.0,200.0,0.0,200000000.0,1.0,1.0
2229,6.0,1000000.0,6.0,1.0,200.0,0.0,200000000.0,1.0,1.0
2230,6.0,1000000.0,6.0,1.0,200.0,0.0,200000000.0,1.0,1.0
2231,6.0,1000000.0,6.0,1.0,200.0,0.0,200000000.0,1.0,1.0
2232,6.0,1000000.0,6.0,1.0,200.0,0.0,200000000.0,1.0,1.0
2233,6.0,1000000.0,6.0,1.0,200.0,0.0,200000000.0,1.0,1.0
2234,6.0,1000000.0,6.0,1.0,200.0,0.0,200000000.0,1.0,1.0
2235,6.0,1000000.0,6.0,1.0,200.0,0.0,200000000.0,1.0,1.0
2236,6.0,1000000.0,6.0,1.0,200.0,0.0,200000000.0,1.0,1.0
2237,6.0,1000000.0,6.0,1.0,200.0,0.0,200000000.0,1.0,1.0
2238,6.0,1000000.0,6.0,1.0,200.0,0.0,200000000.0,1.0,1.0
2239,6.0,1000000.0,6.0,1.0,200.0,0.0,200000000.0,1.0,1.0
2240,6.0,1000000.0,6.0,1.0,200.0,0.0,200000000.0,1.0,1.0
2241,6.0,1000000.0,6.0,1.0,200.0,0.0,200000000.0,1.0,1.0
2242,6.0,1000000.0,6.0,1.0,200.0,0.0,200000000.0,1.0,1.0
2243,6.0,1000000.0,6.0,1.0,200.0,0.0,200000000.0,1.0,1.0
2244,6.0,1000000.0,6.0,1.0,200.0,0.0,200000000.0,1.0,1.0
2245,6.0,1000000.0,6.0,1.0,200.0,0.0,200000000.0,1.0,1.0
2246,6.0,1000000.0,6.0,1.0,200.0,0.0,200000000.0,1.0,1.0
2247,6.0,1000000.0,6.0,1.0,200.0,0.0,200000000.0,1.0,1.0
2248,6.0,1000000.0,6.0,1.0,200.0,0.0,200000000.0,1.0,1.0
2249,6.0,1000000.0,6.0,1.0,200.0,0.0,200000000.0,1.0,1.0
2250,6.0,1000000.0,6.0,1.0,200.0,0.0,200000000.0,1.0,1.0
2251,6.0,1000000.0,6.0,1.0,200.0,0.0,200000000.0,1.0,1.0
2252,6.0,1000000.0,6.0,1.0,200.0,0.0,200000000.0,1.0,1.0
2253,6.0,1000000.0,6.0,1.0,200.0,0.0,200000000.0,1.0,1.0
2254,6.0,1000000.0,6.0,1.0,200.0,0.0,200000000.0,1.0,1.0
2255,6.0,1000000.0,6.0,1.0,200.0,0.0,200000000.0,1.0,1.0
2256,6.0,1000000.0,6.0,1.0,200.0,0.0,200000000.0,1.0,1.0
2257,6.0,1000000.0,6.0,1.0,200.0,0.0,200000000.0,1.0,1.0
2258,6.0,1000000.0,6.0,1.0,200.0,0.0,200000000.0,1.0,1.0
2259,6.0,1000000.0,6.0,1.0,200.0,0.0,200000000.0,1.0,1.0
2260,6.0,1000000.0,6.0,1.0,200.0,0.0,200000000.0,1.0,1.0
2261,6.0,1000000.0,6.0,1.0,200.0,0.0,200000000.0,1.0,1.0
2262,6.0,1000000.0,6.0,1.0,200.0,0.0,200000000.0,1.0,1.0
2263,6.014925373134329,1000000.0,9.0,1.0,201.0,0.0,201000000.0,1.0,2.0
2264,6.0,1000000.0,6.0,1.0,200.0,0.0,200000000.0,1.0,1.0
2265,6.0,1000000.0,6.0,1.0,200.0,0.0,200000000.0,1.0,1.0
2266,6.0,1000000.0,6.0,1.0,200.0,0.0,200000000.0,1.0,1.0
2267,6.0,1000000.0,6.0,1.0,200.0,0.0,200000000.0,1.0,1.0
2268,6.0,1000000.0,6.0,1.0,200.0,0.0,200000000.0,1.0,1.0
2269,6.0,1000000.0,6.0,1.0,200.0,0.0,200000000.0,1.0,1.0
2270,6.0,1000000.0,6.0,1.0,200.0,0.0,200000000.0,1.0,1.0
2271,6.0,1000000.0,6.0,1.0,200.0,0.0,200000000.0,1.0,1.0
2272,6.0,1000000.0,6.0,1.0,200.0,0.0,200000000.0,1.0,1.0
2273,6.0,1000000.0,6.0,1.0,200.0,0.0,200000000.0,1.0,1.0
2274,6.0,1000000.0,6.0,1.0,200.0,0.0,200000000.0,1.0,1.0
2275,6.0,1000000.0,6.0,1.0,200.0,0.0,200000000.0,1.0,1.0
2276,6.0,1000000.0,6.0,1.0,200.0,0.0,200000000.0,1.0,1.0
2277,6.0,1000000.0,6.0,1.0,200.0,0.0,200000000.0,1.0,1.0
2278,5.990049751243781,1000000.0,6.0,1.0,201.0,0.0,201000000.0,1.0,2.0
2279,6.0,1000000.0,6.0,1.0,200.0,0.0,200000000.0,1.0,1.0
2280,6.0,1000000.0,6.0,1.0,200.0,0.0,200000000.0,1.0,1.0
2281,6.0,1000000.0,6.0,1.0,200.0,0.0,200000000.0,1.0,1.0
2282,5.9950248756218905,1000000.0,6.0,1.0,201.0,0.0,201000000.0,1.0,2.0
2283,6.0,1000000.0,6.0,1.0,200.0,0.0,200000000.0,1.0,1.0
2284,6.0,1000000.0,6.0,1.0,200.0,0.0,200000000.0,1.0,1.0
2285,6.0,1000000.0,6.0,1.0,200.0,0.0,200000000.0,1.0,1.0
2286,6.0,1000000.0,6.0,1.0,200.0,0.0,200000000.0,1.0,1.0
2287,6.0,1000000.0,6.0,1.0,200.0,0.0,200000000.0,1.0,1.0
2288,6.0,1000000.0,6.0,1.0,200.0,0.0,200000000.0,1.0,1.0
2289,6.0,1000000.0,6.0,1.0,200.0,0.0,200000000.0,1.0,1.0
2290,6.0,1000000.0,6.0,1.0,200.0,0.0,200000000.0,1.0,1.0
2291,5.97,1000000.0,6.0,1.0,200.0,0.0,200000000.0,1.0,1.0
2292,4.9950248756218905,1000000.0,5.0,1.0,201.0,0.0,201000000.0,1.0,2.0
2293,5.0,1000000.0,5.0,1.0,200.0,0.0,200000000.0,1.0,1.0
2294,5.0,1000000.0,5.0,1.0,200.0,0.0,200000000.0,1.0,1.0
2295,5.0,1000000.0,5.0,1.0,200.0,0.0,200000000.0,1.0,1.0
2296,5.0,1000000.0,5.0,1.0,200.0,0.0,200000000.0,1.0,1.0
2297,5.575,1000000.0,6.0,1.0,200.0,0.0,200000000.0,1.0,1.0
2298,6.0,1000000.0,6.0,1.0,200.0,0.0,200000000.0,1.0,1.0
2299,6.765,1000000.0,7.0,1.0,200.0,0.0,200000000.0,1.0,1.0
2300,7.0,1000000.0,7.0,1.0,200.0,0.0,200000000.0,1.0,1.0
2301,7.0,1000000.0,7.0,1.0,200.0,0.0,200000000.0,1.0,1.0
2302,7.0,1000000.0,7.0,1.0,200.0,0.0,200000000.0,1.0,1.0
2303,7.0,1000000.0,7.0,1.0,200.0,0.0,200000000.0,1.0,1.0
2304,7.0,1000000.0,7.0,1.0,200.0,0.0,200000000.0,1.0,1.0
2305,7.0,1000000.0,7.0,1.0,200.0,0.0,200000000.0,1.0,1.0
2306,7.0,1000000.0,7.0,1.0,200.0,0.0,200000000.0,1.0,1.0
2307,7.0,1000000.0,7.0,1.0,200.0,0.0,200000000.0,1.0,1.0
2308,7.0,1000000.0,7.0,1.0,200.0,0.0,200000000.0,1.0,1.0
2309,7.0,1000000.0,7.0,1.0,200.0,0.0,200000000.0,1.0,1.0
2310,7.0,1000000.0,7.0,1.0,200.0,0.0,200000000.0,1.0,1.0
2311,7.0,1000000.0,7.0,1.0,200.0,0.0,200000000.0,1.0,1.0
2312,7.0,1000000.0,7.0,1.0,200.0,0.0,200000000.0,1.0,1.0
2313,6.985074626865671,1000000.0,7.0,1.0,201.0,0.0,201000000.0,1.0,2.0
2314,7.0,1000000.0,7.0,1.0,200.0,0.0,200000000.0,1.0,1.0
2315,7.0,1000000.0,7.0,1.0,200.0,0.0,200000000.0,1.0,1.0
2316,7.0,1000000.0,7.0,1.0,200.0,0.0,200000000.0,1.0,1.0
2317,7.0,1000000.0,7.0,1.0,200.0,0.0,200000000.0,1.0,1.0
2318,7.0,1000000.0,7.0,1.0,200.0,0.0,200000000.0,1.0,1.0
2319,7.0,1000000.0,7.0,1.0,200.0,0.0,200000000.0,1.0,1.0
2320,7.0,1000000.0,7.0,1.0,200.0,0.0,200000000.0,1.0,1.0
2321,7.0,1000000.0,7.0,1.0,200.0,0.0,200000000.0,1.0,1.0
2322,7.0,1000000.0,7.0,1.0,200.0,0.0,200000000.0,1.0,1.0
2323,7.0,1000000.0,7.0,1.0,200.0,0.0,200000000.0,1.0,1.0
2324,7.0,1000000.0,7.0,1.0,200.0,0.0,200000000.0,1.0,1.0
2325,7.0,1000000.0,7.0,1.0,200.0,0.0,200000000.0,1.0,1.0
2326,7.0,1000000.0,7.0,1.0,200.0,0.0,200000000.0,1.0,1.0
2327,7.0,1000000.0,7.0,1.0,200.0,0.0,200000000.0,1.0,1.0
2328,7.0,1000000.0,7.0,1.0,200.0,0.0,200000000.0,1.0,1.0
2329,7.0,1000000.0,7.0,1.0,200.0,0.0,200000000.0,1.0,1.0
2330,7.0,1000000.0,7.0,1.0,200.0,0.0,200000000.0,1.0,1.0
2331,7.0,1000000.0,7.0,1.0,200.0,0.0,200000000.0,1.0,1.0
2332,7.0,1000000.0,7.0,1.0,200.0,0.0,200000000.0,1.0,1.0
2333,7.0,1000000.0,7.0,1.0,200.0,0.0,200000000.0,1.0,1.0
2334,7.0,1000000.0,7.0,1.0,200.0,0.0,200000000.0,1.0,1.0
2335,7.0,1000000.0,7.0,1.0,200.0,0.0,200000000.0,1.0,1.0
2336,7.0,1000000.0,7.0,1.0,200.0,0.0,200000000.0,1.0,1.0
2337,7.0,1000000.0,7.0,1.0,200.0,0.0,200000000.0,1.0,1.0
2338,7.0,1000000.0,7.0,1.0,200.0,0.0,200000000.0,1.0,1.0
2339,7.0,1000000.0,7.0,1.0,200.0,0.0,200000000.0,1.0,1.0
2340,7.0,1000000.0,7.0,1.0,200.0,0.0,200000000.0,1.0,1.0
2341,7.0,1000000.0,7.0,1.0,200.0,0.0,200000000.0,1.0,1.0
2342,7.0,1000000.0,7.0,1.0,200.0,0.0,200000000.0,1.0,1.0
2343,7.0,1000000.0,7.0,1.0,200.0,0.0,200000000.0,1.0,1.0
2344,7.0,1000000.0,7.0,1.0,200.0,0.0,200000000.0,1.0,1.0
2345,7.0,1000000.0,7.0,1.0,200.0,0.0,200000000.0,1.0,1.0
2346,7.0,1000000.0,7.0,1.0,200.0,0.0,200000000.0,1.0,1.0
2347,7.0,1000000.0,7.0,1.0,200.0,0.0,200000000.0,1.0,1.0
2348,7.0,1000000.0,7.0,1.0,200.0,0.0,200000000.0,1.0,1.0
2349,7.0,1000000.0,7.0,1.0,200.0,0.0,200000000.0,1.0,1.0
2350,7.0,1000000.0,7.0,1.0,200.0,0.0,200000000.0,1.0,1.0
2351,7.0,1000000.0,7.0,1.0,200.0,0.0,200000000.0,1.0,1.0
2352,7.0,1000000.0,7.0,1.0,200.0,0.0,200000000.0,1.0,1.0
2353,7.0,1000000.0,7.0,1.0,200.0,0.0,200000000.0,1.0,1.0
2354,7.0,1000000.0,7.0,1.0,200.0,0.0,200000000.0,1.0,1.0
2355,7.0,1000000.0,7.0,1.0,200.0,0.0,200000000.0,1.0,1.0
2356,7.0,1000000.0,7.0,1.0,200.0,0.0,200000000.0,1.0,1.0
2357,7.0,1000000.0,7.0,1.0,200.0,0.0,200000000.0,1.0,1.0
2358,7.0,1000000.0,7.0,1.0,200.0,0.0,200000000.0,1.0,1.0
2359,7.0,1000000.0,7.0,1.0,200.0,0.0,200000000.0,1.0,1.0
2360,7.0,1000000.0,7.0,1.0,200.0,0.0,200000000.0,1.0,1.0
2361,7.0,1000000.0,7.0,1.0,200.0,0.0,200000000.0,1.0,1.0
2362,7.0,1000000.0,7.0,1.0,200.0,0.0,200000000.0,1.0,1.0
2363,7.0,1000000.0,7.0,1.0,200.0,0.0,200000000.0,1.0,1.0
2364,7.0,1000000.0,7.0,1.0,200.0,0.0,200000000.0,1.0,1.0
2365,7.0,1000000.0,7.0,1.0,200.0,0.0,200000000.0,1.0,1.0
2366,7.0,1000000.0,7.0,1.0,200.0,0.0,200000000.0,1.0,1.0
2367,6.905,1000000.0,7.0,1.0,200.0,0.0,200000000.0,1.0,1.0
2368,5.34,1000000.0,6.0,1.0,200.0,0.0,200000000.0,1.0,1.0
2369,5.0,1000000.0,5.0,1.0,200.0,0.0,200000000.0,1.0,1.0
2370,5.0,1000000.0,5.0,1.0,200.0,0.0,200000000.0,1.0,1.0
2371,5.0,1000000.0,5.0,1.0,200.0,0.0,200000000.0,1.0,1.0
2372,5.0,1000000.0,5.0,1.0,200.0,0.0,200000000.0,1.0,1.0
2373,4.285,1000000.0,5.0,1.0,200.0,0.0,200000000.0,1.0,1.0
2374,4.0,1000000.0,4.0,1.0,200.0,0.0,200000000.0,1.0,1.0
2375,4.0,1000000.0,4.0,1.0,200.0,0.0,200000000.0,1.0,1.0
2376,4.0,1000000.0,4.0,1.0,200.0,0.0,200000000.0,1.0,1.0
2377,4.0,1000000.0,4.0,1.0,200.0,0.0,200000000.0,1.0,1.0
2378,4.0,1000000.0,4.0,1.0,200.0,0.0,200000000.0,1.0,1.0
2379,4.0,1000000.0,4.0,1.0,200.0,0.0,200000000.0,1.0,1.0
2380,4.0,1000000.0,4.0,1.0,200.0,0.0,200000000.0,1.0,1.0
2381,4.0049751243781095,1000000.0,5.0,1.0,201.0,0.0,201000000.0,1.0,2.0
2382,4.0,1000000.0,4.0,1.0,200.0,0.0,200000000.0,1.0,1.0
2383,4.0,1000000.0,4.0,1.0,200.0,0.0,200000000.0,1.0,1.0
2384,4.0,1000000.0,4.0,1.0,200.0,0.0,200000000.0,1.0,1.0
2385,4.0,1000000.0,4.0,1.0,200.0,0.0,200000000.0,1.0,1.0
2386,4.0,1000000.0,4.0,1.0,200.0,0.0,200000000.0,1.0,1.0
2387,4.0,1000000.0,4.0,1.0,200.0,0.0,200000000.0,1.0,1.0
2388,4.0049751243781095,1000000.0,5.0,1.0,201.0,0.0,201000000.0,1.0,2.0
2389,4.0,1000000.0,4.0,1.0,200.0,0.0,200000000.0,1.0,1.0
2390,4.0,1000000.0,4.0,1.0,200.0,0.0,200000000.0,1.0,1.0
2391,4.0,1000000.0,4.0,1.0,200.0,0.0,200000000.0,1.0,1.0
2392,4.0,1000000.0,4.0,1.0,200.0,0.0,200000000.0,1.0,1.0
2393,4.0,1000000.0,4.0,1.0,200.0,0.0,200000000.0,1.0,1.0
2394,4.0,1000000.0,4.0,1.0,200.0,0.0,200000000.0,1.0,1.0
2395,4.0,1000000.0,4.0,1.0,200.0,0.0,200000000.0,1.0,1.0
2396,4.0,1000000.0,4.0,1.0,200.0,0.0,200000000.0,1.0,1.0
2397,4.0,1000000.0,4.0,1.0,200.0,0.0,200000000.0,1.0,1.0
2398,4.0,1000000.0,4.0,1.0,200.0,0.0,200000000.0,1.0,1.0
2399,4.0,1000000.0,4.0,1.0,200.0,0.0,200000000.0,1.0,1.0
2400,4.0,1000000.0,4.0,1.0,200.0,0.0,200000000.0,1.0,1.0
2401,4.0,1000000.0,4.0,1.0,200.0,0.0,200000000.0,1.0,1.0
2402,4.0,1000000.0,4.0,1.0,200.0,0.0,200000000.0,1.0,1.0
2403,4.0,1000000.0,4.0,1.0,200.0,0.0,200000000.0,1.0,1.0
2404,4.0,1000000.0,4.0,1.0,200.0,0.0,200000000.0,1.0,1.0
2405,4.0,1000000.0,4.0,1.0,200.0,0.0,200000000.0,1.0,1.0
2406,4.0,1000000.0,4.0,1.0,200.0,0.0,200000000.0,1.0,1.0
2407,4.0,1000000.0,4.0,1.0,200.0,0.0,200000000.0,1.0,1.0
2408,4.0,1000000.0,4.0,1.0,200.0,0.0,200000000.0,1.0,1.0
2409,4.0,1000000.0,4.0,1.0,200.0,0.0,200000000.0,1.0,1.0
2410,4.0,1000000.0,4.0,1.0,200.0,0.0,200000000.0,1.0,1.0
2411,4.0,1000000.0,4.0,1.0,200.0,0.0,200000000.0,1.0,1.0
2412,4.0,1000000.0,4.0,1.0,200.0,0.0,200000000.0,1.0,1.0
2413,4.0,1000000.0,4.0,1.0,200.0,0.0,200000000.0,1.0,1.0
2414,4.0,1000000.0,4.0,1.0,200.0,0.0,200000000.0,1.0,1.0
2415,4.0,1000000.0,4.0,1.0,200.0,0.0,200000000.0,1.0,1.0
2416,4.0,1000000.0,4.0,1.0,200.0,0.0,200000000.0,1.0,1.0
2417,4.0,1000000.0,4.0,1.0,200.0,0.0,200000000.0,1.0,1.0
2418,4.0,1000000.0,4.0,1.0,200.0,0.0,200000000.0,1.0,1.0
2419,4.0,1000000.0,4.0,1.0,200.0,0.0,200000000.0,1.0,1.0
2420,4.0,1000000.0,4.0,1.0,200.0,0.0,200000000.0,1.0,1.0
2421,4.0,1000000.0,4.0,1.0,200.0,0.0,200000000.0,1.0,1.0
2422,4.0,1000000.0,4.0,1.0,200.0,0.0,200000000.0,1.0,1.0
2423,4.0,1000000.0,4.0,1.0,200.0,0.0,200000000.0,1.0,1.0
2424,4.0,1000000.0,4.0,1.0,200.0,0.0,200000000.0,1.0,1.0
2425,4.0,1000000.0,4.0,1.0,200.0,0.0,200000000.0,1.0,1.0
2426,4.0,1000000.0,4.0,1.0,200.0,0.0,200000000.0,1.0,1.0
2427,4.0,1000000.0,4.0,1.0,200.0,0.0,200000000.0,1.0,1.0
2428,4.0,1000000.0,4.0,1.0,200.0,0.0,200000000.0,1.0,1.0
2429,4.0,1000000.0,4.0,1.0,200.0,0.0,200000000.0,1.0,1.0
2430,4.009950248756219,1000000.0,6.0,1.0,201.0,0.0,201000000.0,1.0,2.0
2431,4.0,1000000.0,4.0,1.0,200.0,0.0,200000000.0,1.0,1.0
2432,4.0,1000000.0,4.0,1.0,200.0,0.0,200000000.0,1.0,1.0
2433,4.0,1000000.0,4.0,1.0,200.0,0.0,200000000.0,1.0,1.0
2434,4.0,1000000.0,4.0,1.0,200.0,0.0,200000000.0,1.0,1.0
2435,4.0,1000000.0,4.0,1.0,200.0,0.0,200000000.0,1.0,1.0
2436,4.0,1000000.0,4.0,1.0,200.0,0.0,200000000.0,1.0,1.0
2437,4.0,1000000.0,4.0,1.0,200.0,0.0,200000000.0,1.0,1.0
2438,4.0,1000000.0,4.0,1.0,200.0,0.0,200000000.0,1.0,1.0
2439,4.0,1000000.0,4.0,1.0,200.0,0.0,200000000.0,1.0,1.0
2440,4.0,1000000.0,4.0,1.0,200.0,0.0,200000000.0,1.0,1.0
2441,4.0,1000000.0,4.0,1.0,200.0,0.0,200000000.0,1.0,1.0
2442,4.0,1000000.0,4.0,1.0,200.0,0.0,200000000.0,1.0,1.0
2443,4.565,1000000.0,7.0,1.0,200.0,0.0,200000000.0,1.0,1.0
2444,6.0,1000000.0,6.0,1.0,200.0,0.0,200000000.0,1.0,1.0
2445,6.0,1000000.0,6.0,1.0,200.0,0.0,200000000.0,1.0,1.0
2446,6.0,1000000.0,6.0,1.0,200.0,0.0,200000000.0,1.0,1.0
2447,5.9950248756218905,1000000.0,6.0,1.0,201.0,0.0,201000000.0,1.0,2.0
2448,6.175,1000000.0,7.0,1.0,200.0,0.0,200000000.0,1.0,1.0
2449,6.345,1000000.0,7.0,1.0,200.0,0.0,200000000.0,1.0,1.0
2450,6.0,1000000.0,6.0,1.0,200.0,0.0,200000000.0,1.0,1.0
2451,6.0,1000000.0,6.0,1.0,200.0,0.0,200000000.0,1.0,1.0
2452,6.0,1000000.0,6.0,1.0,200.0,0.0,200000000.0,1.0,1.0
2453,6.0,1000000.0,6.0,1.0,200.0,0.0,200000000.0,1.0,1.0
2454,6.0,1000000.0,6.0,1.0,200.0,0.0,200000000.0,1.0,1.0
2455,6.0,1000000.0,6.0,1.0,200.0,0.0,200000000.0,1.0,1.0
2456,6.0,1000000.0,6.0,1.0,200.0,0.0,200000000.0,1.0,1.0
2457,6.0,1000000.0,6.0,1.0,200.0,0.0,200000000.0,1.0,1.0
2458,6.0,1000000.0,6.0,1.0,200.0,0.0,200000000.0,1.0,1.0
2459,6.0,1000000.0,6.0,1.0,200.0,0.0,200000000.0,1.0,1.0
2460,6.0,1000000.0,6.0,1.0,200.0,0.0,200000000.0,1.0,1.0
2461,6.0,1000000.0,6.0,1.0,200.0,0.0,200000000.0,1.0,1.0
2462,6.0,1000000.0,6.0,1.0,200.0,0.0,200000000.0,1.0,1.0
2463,6.0,1000000.0,6.0,1.0,200.0,0.0,200000000.0,1.0,1.0
2464,6.0,1000000.0,6.0,1.0,200.0,0.0,200000000.0,1.0,1.0
2465,6.0,1000000.0,6.0,1.0,200.0,0.0,200000000.0,1.0,1.0
2466,6.0,1000000.0,6.0,1.0,200.0,0.0,200000000.0,1.0,1.0
2467,6.0,1000000.0,6.0,1.0,200.0,0.0,200000000.0,1.0,1.0
2468,6.0,1000000.0,6.0,1.0,200.0,0.0,200000000.0,1.0,1.0
2469,6.0,1000000.0,6.0,1.0,200.0,0.0,200000000.0,1.0,1.0
2470,6.0,1000000.0,6.0,1.0,200.0,0.0,200000000.0,1.0,1.0
2471,6.0,1000000.0,6.0,1.0,200.0,0.0,200000000.0,1.0,1.0
2472,6.0,1000000.0,6.0,1.0,200.0,0.0,200000000.0,1.0,1.0
2473,6.0,1000000.0,6.0,1.0,200.0,0.0,200000000.0,1.0,1.0
2474,6.0,1000000.0,6.0,1.0,200.0,0.0,200000000.0,1.0,1.0
2475,6.0,1000000.0,6.0,1.0,200.0,0.0,200000000.0,1.0,1.0
2476,6.0,1000000.0,6.0,1.0,200.0,0.0,200000000.0,1.0,1.0
2477,6.0,1000000.0,6.0,1.0,200.0,0.0,200000000.0,1.0,1.0
2478,6.0,1000000.0,6.0,1.0,200.0,0.0,200000000.0,1.0,1.0
2479,6.0,1000000.0,6.0,1.0,200.0,0.0,200000000.0,1.0,1.0
2480,6.0,1000000.0,6.0,1.0,200.0,0.0,200000000.0,1.0,1.0
2481,6.0,1000000.0,6.0,1.0,200.0,0.0,200000000.0,1.0,1.0
2482,6.0,1000000.0,6.0,1.0,200.0,0.0,200000000.0,1.0,1.0
2483,6.0,1000000.0,6.0,1.0,200.0,0.0,200000000.0,1.0,1.0
2484,6.0,1000000.0,6.0,1.0,200.0,0.0,200000000.0,1.0,1.0
2485,6.0,1000000.0,6.0,1.0,200.0,0.0,200000000.0,1.0,1.0
2486,6.0,1000000.0,6.0,1.0,200.0,0.0,200000000.0,1.0,1.0
2487,6.0,1000000.0,6.0,1.0,200.0,0.0,200000000.0,1.0,1.0
2488,6.0,1000000.0,6.0,1.0,200.0,0.0,200000000.0,1.0,1.0
2489,6.0,1000000.0,6.0,1.0,200.0,0.0,200000000.0,1.0,1.0
2490,6.0,1000000.0,6.0,1.0,200.0,0.0,200000000.0,1.0,1.0
2491,6.0,1000000.0,6.0,1.0,200.0,0.0,200000000.0,1.0,1.0
2492,6.0,1000000.0,6.0,1.0,200.0,0.0,200000000.0,1.0,1.0
2493,6.0,1000000.0,6.0,1.0,200.0,0.0,200000000.0,1.0,1.0
2494,6.0,1000000.0,6.0,1.0,200.0,0.0,200000000.0,1.0,1.0
2495,6.0,1000000.0,6.0,1.0,200.0,0.0,200000000.0,1.0,1.0
2496,6.0,1000000.0,6.0,1.0,200.0,0.0,200000000.0,1.0,1.0
2497,6.0,1000000.0,6.0,1.0,200.0,0.0,200000000.0,1.0,1.0
2498,6.0,1000000.0,6.0,1.0,200.0,0.0,200000000.0,1.0,1.0
2499,6.0,1000000.0,6.0,1.0,200.0,0.0,200000000.0,1.0,1.0
2500,6.0,1000000.0,6.0,1.0,200.0,0.0,200000000.0,1.0,1.0
2501,6.0,1000000.0,6.0,1.0,200.0,0.0,200000000.0,1.0,1.0
2502,6.0,1000000.0,6.0,1.0,200.0,0.0,200000000.0,1.0,1.0
2503,6.0,1000000.0,6.0,1.0,200.0,0.0,200000000.0,1.0,1.0
2504,6.0,1000000.0,6.0,1.0,200.0,0.0,200000000.0,1.0,1.0
2505,6.0,1000000.0,6.0,1.0,200.0,0.0,200000000.0,1.0,1.0
2506,6.0,1000000.0,6.0,1.0,200.0,0.0,200000000.0,1.0,1.0
2507,5.990049751243781,1000000.0,6.0,1.0,201.0,0.0,201000000.0,1.0,2.0
2508,6.0,1000000.0,6.0,1.0,200.0,0.0,200000000.0,1.0,1.0
2509,6.0,1000000.0,6.0,1.0,200.0,0.0,200000000.0,1.0,1.0
2510,6.0,1000000.0,6.0,1.0,200.0,0.0,200000000.0,1.0,1.0
2511,6.0,1000000.0,6.0,1.0,200.0,0.0,200000000.0,1.0,1.0
2512,6.0,1000000.0,6.0,1.0,200.0,0.0,200000000.0,1.0,1.0
2513,6.0,1000000.0,6.0,1.0,200.0,0.0,200000000.0,1.0,1.0
2514,6.0,1000000.0,6.0,1.0,200.0,0.0,200000000.0,1.0,1.0
2515,6.0,1000000.0,6.0,1.0,200.0,0.0,200000000.0,1.0,1.0
2516,6.0,1000000.0,6.0,1.0,200.0,0.0,200000000.0,1.0,1.0
2517,6.0,1000000.0,6.0,1.0,200.0,0.0,200000000.0,1.0,1.0
2518,6.0,1000000.0,6.0,1.0,200.0,0.0,200000000.0,1.0,1.0
2519,5.91,1000000.0,7.0,1.0,200.0,0.0,200000000.0,1.0,1.0
2520,5.990049751243781,1000000.0,6.0,1.0,201.0,0.0,201000000.0,1.0,2.0
2521,6.0,1000000.0,6.0,1.0,200.0,0.0,200000000.0,1.0,1.0
2522,6.0,1000000.0,6.0,1.0,200.0,0.0,200000000.0,1.0,1.0
2523,6.0,1000000.0,6.0,1.0,200.0,0.0,200000000.0,1.0,1.0
2524,5.285,1000000.0,6.0,1.0,200.0,0.0,200000000.0,1.0,1.0
2525,5.0,1000000.0,5.0,1.0,200.0,0.0,200000000.0,1.0,1.0
2526,5.0,1000000.0,5.0,1.0,200.0,0.0,200000000.0,1.0,1.0
2527,5.0,1000000.0,5.0,1.0,200.0,0.0,200000000.0,1.0,1.0
2528,5.0,1000000.0,5.0,1.0,200.0,0.0,200000000.0,1.0,1.0
2529,5.0,1000000.0,5.0,1.0,200.0,0.0,200000000.0,1.0,1.0
2530,5.0,1000000.0,5.0,1.0,200.0,0.0,200000000.0,1.0,1.0
2531,5.0,1000000.0,5.0,1.0,200.0,0.0,200000000.0,1.0,1.0
2532,5.0,1000000.0,5.0,1.0,200.0,0.0,200000000.0,1.0,1.0
2533,5.0,1000000.0,5.0,1.0,200.0,0.0,200000000.0,1.0,1.0
2534,5.0,1000000.0,5.0,1.0,200.0,0.0,200000000.0,1.0,1.0
2535,5.0,1000000.0,5.0,1.0,200.0,0.0,200000000.0,1.0,1.0
2536,5.009950248756219,1000000.0,7.0,1.0,201.0,0.0,201000000.0,1.0,2.0
2537,5.0,1000000.0,5.0,1.0,200.0,0.0,200000000.0,1.0,1.0
2538,5.0,1000000.0,5.0,1.0,200.0,0.0,200000000.0,1.0,1.0
2539,5.0,1000000.0,5.0,1.0,200.0,0.0,200000000.0,1.0,1.0
2540,5.0,1000000.0,5.0,1.0,200.0,0.0,200000000.0,1.0,1.0
2541,5.675,1000000.0,8.0,1.0,200.0,0.0,200000000.0,1.0,1.0
2542,8.0,1000000.0,8.0,1.0,200.0,0.0,200000000.0,1.0,1.0
2543,8.0,1000000.0,8.0,1.0,200.0,0.0,200000000.0,1.0,1.0
2544,8.0,1000000.0,8.0,1.0,200.0,0.0,200000000.0,1.0,1.0
2545,9.53,1000000.0,10.0,1.0,200.0,0.0,200000000.0,1.0,1.0
2546,10.0,1000000.0,10.0,1.0,200.0,0.0,200000000.0,1.0,1.0
2547,10.0,1000000.0,10.0,1.0,200.0,0.0,200000000.0,1.0,1.0
2548,10.0,1000000.0,10.0,1.0,200.0,0.0,200000000.0,1.0,1.0
2549,9.25,1000000.0,10.0,1.0,200.0,0.0,200000000.0,1.0,1.0
2550,9.0,1000000.0,9.0,1.0,200.0,0.0,200000000.0,1.0,1.0
2551,9.0,1000000.0,9.0,1.0,200.0,0.0,200000000.0,1.0,1.0
2552,9.0,1000000.0,9.0,1.0,200.0,0.0,200000000.0,1.0,1.0
2553,9.0,1000000.0,9.0,1.0,200.0,0.0,200000000.0,1.0,1.0
2554,10.35820895522388,1000000.0,11.0,1.0,201.0,0.0,201000000.0,1.0,2.0
2555,11.0,1000000.0,11.0,1.0,200.0,0.0,200000000.0,1.0,1.0
2556,11.0,1000000.0,11.0,1.0,200.0,0.0,200000000.0,1.0,1.0
2557,10.985074626865671,1000000.0,11.0,1.0,201.0,0.0,201000000.0,1.0,2.0
2558,11.0,1000000.0,11.0,1.0,200.0,0.0,200000000.0,1.0,1.0
2559,11.0,1000000.0,11.0,1.0,200.0,0.0,200000000.0,1.0,1.0
2560,11.0,1000000.0,11.0,1.0,200.0,0.0,200000000.0,1.0,1.0
2561,11.0,1000000.0,11.0,1.0,200.0,0.0,200000000.0,1.0,1.0
2562,11.0,1000000.0,11.0,1.0,200.0,0.0,200000000.0,1.0,1.0
2563,10.985074626865671,1000000.0,11.0,1.0,201.0,0.0,201000000.0,1.0,2.0
2564,11.0,1000000.0,11.0,1.0,200.0,0.0,200000000.0,1.0,1.0
2565,11.0,1000000.0,11.0,1.0,200.0,0.0,200000000.0,1.0,1.0
2566,11.0,1000000.0,11.0,1.0,200.0,0.0,200000000.0,1.0,1.0
2567,11.0,1000000.0,11.0,1.0,200.0,0.0,200000000.0,1.0,1.0
2568,11.0,1000000.0,11.0,1.0,200.0,0.0,200000000.0,1.0,1.0
2569,11.0,1000000.0,11.0,1.0,200.0,0.0,200000000.0,1.0,1.0
2570,7.23,1000000.0,11.0,1.0,200.0,0.0,200000000.0,1.0,1.0
2571,4.0,1000000.0,4.0,1.0,200.0,0.0,200000000.0,1.0,1.0
2572,4.0,1000000.0,4.0,1.0,200.0,0.0,200000000.0,1.0,1.0
2573,4.0,1000000.0,4.0,1.0,200.0,0.0,200000000.0,1.0,1.0
2574,4.0,1000000.0,4.0,1.0,200.0,0.0,200000000.0,1.0,1.0
2575,4.0,1000000.0,4.0,1.0,200.0,0.0,200000000.0,1.0,1.0
2576,4.0,1000000.0,4.0,1.0,200.0,0.0,200000000.0,1.0,1.0
2577,4.0,1000000.0,4.0,1.0,200.0,0.0,200000000.0,1.0,1.0
2578,4.0,1000000.0,4.0,1.0,200.0,0.0,200000000.0,1.0,1.0
2579,4.0,1000000.0,4.0,1.0,200.0,0.0,200000000.0,1.0,1.0
2580,4.0,1000000.0,4.0,1.0,200.0,0.0,200000000.0,1.0,1.0
2581,4.0,1000000.0,4.0,1.0,200.0,0.0,200000000.0,1.0,1.0
2582,4.0,1000000.0,4.0,1.0,200.0,0.0,200000000.0,1.0,1.0
2583,4.0,1000000.0,4.0,1.0,200.0,0.0,200000000.0,1.0,1.0
2584,4.0,1000000.0,4.0,1.0,200.0,0.0,200000000.0,1.0,1.0
2585,4.0,1000000.0,4.0,1.0,200.0,0.0,200000000.0,1.0,1.0
2586,4.009950248756219,1000000.0,6.0,1.0,201.0,0.0,201000000.0,1.0,2.0
2587,4.0,1000000.0,4.0,1.0,200.0,0.0,200000000.0,1.0,1.0
2588,4.0,1000000.0,4.0,1.0,200.0,0.0,200000000.0,1.0,1.0
2589,4.0,1000000.0,4.0,1.0,200.0,0.0,200000000.0,1.0,1.0
2590,4.0,1000000.0,4.0,1.0,200.0,0.0,200000000.0,1.0,1.0
2591,4.0,1000000.0,4.0,1.0,200.0,0.0,200000000.0,1.0,1.0
2592,4.0,1000000.0,4.0,1.0,200.0,0.0,200000000.0,1.0,1.0
2593,4.0,1000000.0,4.0,1.0,200.0,0.0,200000000.0,1.0,1.0
2594,4.0,1000000.0,4.0,1.0,200.0,0.0,200000000.0,1.0,1.0
2595,4.149253731343284,1000000.0,6.0,1.0,201.0,0.0,201000000.0,1.0,2.0
2596,5.0,1000000.0,5.0,1.0,200.0,0.0,200000000.0,1.0,1.0
2597,5.0,1000000.0,5.0,1.0,200.0,0.0,200000000.0,1.0,1.0
2598,5.4,1000000.0,7.0,1.0,200.0,0.0,200000000.0,1.0,1.0
2599,7.0,1000000.0,7.0,1.0,200.0,0.0,200000000.0,1.0,1.0
2600,7.0,1000000.0,7.0,1.0,200.0,0.0,200000000.0,1.0,1.0
2601,7.0,1000000.0,7.0,1.0,200.0,0.0,200000000.0,1.0,1.0
2602,7.0,1000000.0,7.0,1.0,200.0,0.0,200000000.0,1.0,1.0
2603,7.0,1000000.0,7.0,1.0,200.0,0.0,200000000.0,1.0,1.0
2604,7.0,1000000.0,7.0,1.0,200.0,0.0,200000000.0,1.0,1.0
2605,7.0,1000000.0,7.0,1.0,200.0,0.0,200000000.0,1.0,1.0
2606,7.0,1000000.0,7.0,1.0,200.0,0.0,200000000.0,1.0,1.0
2607,7.0,1000000.0,7.0,1.0,200.0,0.0,200000000.0,1.0,1.0
2608,7.0,1000000.0,7.0,1.0,200.0,0.0,200000000.0,1.0,1.0
2609,7.0,1000000.0,7.0,1.0,200.0,0.0,200000000.0,1.0,1.0
2610,7.0,1000000.0,7.0,1.0,200.0,0.0,200000000.0,1.0,1.0
2611,7.0,1000000.0,7.0,1.0,200.0,0.0,200000000.0,1.0,1.0
2612,7.0,1000000.0,7.0,1.0,200.0,0.0,200000000.0,1.0,1.0
2613,7.0,1000000.0,7.0,1.0,200.0,0.0,200000000.0,1.0,1.0
2614,6.9950248756218905,1000000.0,7.0,1.0,201.0,0.0,201000000.0,1.0,2.0
2615,7.0,1000000.0,7.0,1.0,200.0,0.0,200000000.0,1.0,1.0
2616,7.0,1000000.0,7.0,1.0,200.0,0.0,200000000.0,1.0,1.0
2617,7.0,1000000.0,7.0,1.0,200.0,0.0,200000000.0,1.0,1.0
2618,7.0,1000000.0,7.0,1.0,200.0,0.0,200000000.0,1.0,1.0
2619,7.0049751243781095,1000000.0,8.0,1.0,201.0,0.0,201000000.0,1.0,2.0
2620,7.0,1000000.0,7.0,1.0,200.0,0.0,200000000.0,1.0,1.0
2621,7.009950248756219,1000000.0,9.0,1.0,201.0,0.0,201000000.0,1.0,2.0
2622,7.0,1000000.0,7.0,1.0,200.0,0.0,200000000.0,1.0,1.0
2623,7.0,1000000.0,7.0,1.0,200.0,0.0,200000000.0,1.0,1.0
2624,7.0,1000000.0,7.0,1.0,200.0,0.0,200000000.0,1.0,1.0
2625,7.009950248756219,1000000.0,9.0,1.0,201.0,0.0,201000000.0,1.0,2.0
2626,7.0,1000000.0,7.0,1.0,200.0,0.0,200000000.0,1.0,1.0
2627,7.0,1000000.0,7.0,1.0,200.0,0.0,200000000.0,1.0,1.0
2628,7.0,1000000.0,7.0,1.0,200.0,0.0,200000000.0,1.0,1.0
2629,7.0,1000000.0,7.0,1.0,200.0,0.0,200000000.0,1.0,1.0
2630,7.0,1000000.0,7.0,1.0,200.0,0.0,200000000.0,1.0,1.0
2631,7.0,1000000.0,7.0,1.0,200.0,0.0,200000000.0,1.0,1.0
2632,7.0,1000000.0,7.0,1.0,200.0,0.0,200000000.0,1.0,1.0
2633,7.0,1000000.0,7.0,1.0,200.0,0.0,200000000.0,1.0,1.0
2634,7.0,1000000.0,7.0,1.0,200.0,0.0,200000000.0,1.0,1.0
2635,7.0,1000000.0,7.0,1.0,200.0,0.0,200000000.0,1.0,1.0
2636,7.0,1000000.0,7.0,1.0,200.0,0.0,200000000.0,1.0,1.0
2637,7.0,1000000.0,7.0,1.0,200.0,0.0,200000000.0,1.0,1.0
2638,7.0,1000000.0,7.0,1.0,200.0,0.0,200000000.0,1.0,1.0
2639,7.0,1000000.0,7.0,1.0,200.0,0.0,200000000.0,1.0,1.0
2640,7.0,1000000.0,7.0,1.0,200.0,0.0,200000000.0,1.0,1.0
2641,7.0,1000000.0,7.0,1.0,200.0,0.0,200000000.0,1.0,1.0
2642,7.0,1000000.0,7.0,1.0,200.0,0.0,200000000.0,1.0,1.0
2643,7.0,1000000.0,7.0,1.0,200.0,0.0,200000000.0,1.0,1.0
2644,7.0,1000000.0,7.0,1.0,200.0,0.0,200000000.0,1.0,1.0
2645,7.0,1000000.0,7.0,1.0,200.0,0.0,200000000.0,1.0,1.0
2646,7.0,1000000.0,7.0,1.0,200.0,0.0,200000000.0,1.0,1.0
2647,7.0,1000000.0,7.0,1.0,200.0,0.0,200000000.0,1.0,1.0
2648,7.0,1000000.0,7.0,1.0,200.0,0.0,200000000.0,1.0,1.0
2649,7.0,1000000.0,7.0,1.0,200.0,0.0,200000000.0,1.0,1.0
2650,7.0,1000000.0,7.0,1.0,200.0,0.0,200000000.0,1.0,1.0
2651,7.0,1000000.0,7.0,1.0,200.0,0.0,200000000.0,1.0,1.0
2652,7.0,1000000.0,7.0,1.0,200.0,0.0,200000000.0,1.0,1.0
2653,7.0,1000000.0,7.0,1.0,200.0,0.0,200000000.0,1.0,1.0
2654,7.0,1000000.0,7.0,1.0,200.0,0.0,200000000.0,1.0,1.0
2655,7.0,1000000.0,7.0,1.0,200.0,0.0,200000000.0,1.0,1.0
2656,7.0,1000000.0,7.0,1.0,200.0,0.0,200000000.0,1.0,1.0
2657,7.0,1000000.0,7.0,1.0,200.0,0.0,200000000.0,1.0,1.0
2658,6.990049751243781,1000000.0,7.0,1.0,201.0,0.0,201000000.0,1.0,2.0
2659,7.0,1000000.0,7.0,1.0,200.0,0.0,200000000.0,1.0,1.0
2660,7.0,1000000.0,7.0,1.0,200.0,0.0,200000000.0,1.0,1.0
2661,7.0,1000000.0,7.0,1.0,200.0,0.0,200000000.0,1.0,1.0
2662,7.0,1000000.0,7.0,1.0,200.0,0.0,200000000.0,1.0,1.0
2663,7.0,1000000.0,7.0,1.0,200.0,0.0,200000000.0,1.0,1.0
2664,7.0,1000000.0,7.0,1.0,200.0,0.0,200000000.0,1.0,1.0
2665,7.0,1000000.0,7.0,1.0,200.0,0.0,200000000.0,1.0,1.0
2666,7.0,1000000.0,7.0,1.0,200.0,0.0,200000000.0,1.0,1.0
2667,6.985074626865671,1000000.0,7.0,1.0,201.0,0.0,201000000.0,1.0,2.0
2668,7.0,1000000.0,7.0,1.0,200.0,0.0,200000000.0,1.0,1.0
2669,7.0,1000000.0,7.0,1.0,200.0,0.0,200000000.0,1.0,1.0
2670,7.0,1000000.0,7.0,1.0,200.0,0.0,200000000.0,1.0,1.0
2671,6.74,1000000.0,7.0,1.0,200.0,0.0,200000000.0,1.0,1.0
2672,5.0,1000000.0,5.0,1.0,200.0,0.0,200000000.0,1.0,1.0
2673,5.0,1000000.0,5.0,1.0,200.0,0.0,200000000.0,1.0,1.0
2674,5.98,1000000.0,7.0,1.0,200.0,0.0,200000000.0,1.0,1.0
2675,5.9950248756218905,1000000.0,6.0,1.0,201.0,0.0,201000000.0,1.0,2.0
2676,6.0,1000000.0,6.0,1.0,200.0,0.0,200000000.0,1.0,1.0
2677,6.0,1000000.0,6.0,1.0,200.0,0.0,200000000.0,1.0,1.0
2678,6.0,1000000.0,6.0,1.0,200.0,0.0,200000000.0,1.0,1.0
2679,6.0,1000000.0,6.0,1.0,200.0,0.0,200000000.0,1.0,1.0
2680,5.990049751243781,1000000.0,6.0,1.0,201.0,0.0,201000000.0,1.0,2.0
2681,6.0,1000000.0,6.0,1.0,200.0,0.0,200000000.0,1.0,1.0
2682,6.0,1000000.0,6.0,1.0,200.0,0.0,200000000.0,1.0,1.0
2683,6.0,1000000.0,6.0,1.0,200.0,0.0,200000000.0,1.0,1.0
2684,6.0,1000000.0,6.0,1.0,200.0,0.0,200000000.0,1.0,1.0
2685,6.0,1000000.0,6.0,1.0,200.0,0.0,200000000.0,1.0,1.0
2686,6.0,1000000.0,6.0,1.0,200.0,0.0,200000000.0,1.0,1.0
2687,6.0,1000000.0,6.0,1.0,200.0,0.0,200000000.0,1.0,1.0
2688,6.0,1000000.0,6.0,1.0,200.0,0.0,200000000.0,1.0,1.0
2689,6.0,1000000.0,6.0,1.0,200.0,0.0,200000000.0,1.0,1.0
2690,6.0,1000000.0,6.0,1.0,200.0,0.0,200000000.0,1.0,1.0
2691,6.0,1000000.0,6.0,1.0,200.0,0.0,200000000.0,1.0,1.0
2692,6.0,1000000.0,6.0,1.0,200.0,0.0,200000000.0,1.0,1.0
2693,6.0,1000000.0,6.0,1.0,200.0,0.0,200000000.0,1.0,1.0
2694,6.0,1000000.0,6.0,1.0,200.0,0.0,200000000.0,1.0,1.0
2695,6.0,1000000.0,6.0,1.0,200.0,0.0,200000000.0,1.0,1.0
2696,6.0,1000000.0,6.0,1.0,200.0,0.0,200000000.0,1.0,1.0
2697,6.0,1000000.0,6.0,1.0,200.0,0.0,200000000.0,1.0,1.0
2698,6.014925373134329,1000000.0,9.0,1.0,201.0,0.0,201000000.0,1.0,2.0
2699,6.0,1000000.0,6.0,1.0,200.0,0.0,200000000.0,1.0,1.0
2700,6.0,1000000.0,6.0,1.0,200.0,0.0,200000000.0,1.0,1.0
2701,6.0,1000000.0,6.0,1.0,200.0,0.0,200000000.0,1.0,1.0
2702,6.0,1000000.0,6.0,1.0,200.0,0.0,200000000.0,1.0,1.0
2703,6.0,1000000.0,6.0,1.0,200.0,0.0,200000000.0,1.0,1.0
2704,6.0,1000000.0,6.0,1.0,200.0,0.0,200000000.0,1.0,1.0
2705,6.0,1000000.0,6.0,1.0,200.0,0.0,200000000.0,1.0,1.0
2706,6.0,1000000.0,6.0,1.0,200.0,0.0,200000000.0,1.0,1.0
2707,6.0,1000000.0,6.0,1.0,200.0,0.0,200000000.0,1.0,1.0
2708,6.0,1000000.0,6.0,1.0,200.0,0.0,200000000.0,1.0,1.0
2709,6.0,1000000.0,6.0,1.0,200.0,0.0,200000000.0,1.0,1.0
2710,6.014925373134329,1000000.0,9.0,1.0,201.0,0.0,201000000.0,1.0,2.0
2711,6.0,1000000.0,6.0,1.0,200.0,0.0,200000000.0,1.0,1.0
2712,6.0,1000000.0,6.0,1.0,200.0,0.0,200000000.0,1.0,1.0
2713,6.0,1000000.0,6.0,1.0,200.0,0.0,200000000.0,1.0,1.0
2714,6.0,1000000.0,6.0,1.0,200.0,0.0,200000000.0,1.0,1.0
2715,6.0,1000000.0,6.0,1.0,200.0,0.0,200000000.0,1.0,1.0
2716,6.0,1000000.0,6.0,1.0,200.0,0.0,200000000.0,1.0,1.0
2717,6.0,1000000.0,6.0,1.0,200.0,0.0,200000000.0,1.0,1.0
2718,6.0,1000000.0,6.0,1.0,200.0,0.0,200000000.0,1.0,1.0
2719,6.0,1000000.0,6.0,1.0,200.0,0.0,200000000.0,1.0,1.0
2720,6.0,1000000.0,6.0,1.0,200.0,0.0,200000000.0,1.0,1.0
2721,6.0,1000000.0,6.0,1.0,200.0,0.0,200000000.0,1.0,1.0
2722,6.85,1000000.0,8.0,1.0,200.0,0.0,200000000.0,1.0,1.0
2723,8.0,1000000.0,8.0,1.0,200.0,0.0,200000000.0,1.0,1.0
2724,9.787128712871286,1000000.0,10.0,1.0,202.0,0.0,202000000.0,1.0,3.0
2725,10.0,1000000.0,10.0,1.0,200.0,0.0,200000000.0,1.0,1.0
2726,10.0,1000000.0,10.0,1.0,200.0,0.0,200000000.0,1.0,1.0
2727,10.0,1000000.0,10.0,1.0,200.0,0.0,200000000.0,1.0,1.0
2728,10.0,1000000.0,10.0,1.0,200.0,0.0,200000000.0,1.0,1.0
2729,10.0,1000000.0,10.0,1.0,200.0,0.0,200000000.0,1.0,1.0
2730,10.0,1000000.0,10.0,1.0,200.0,0.0,200000000.0,1.0,1.0
2731,10.0,1000000.0,10.0,1.0,200.0,0.0,200000000.0,1.0,1.0
2732,10.0,1000000.0,10.0,1.0,200.0,0.0,200000000.0,1.0,1.0
2733,10.0,1000000.0,10.0,1.0,200.0,0.0,200000000.0,1.0,1.0
2734,10.0,1000000.0,10.0,1.0,200.0,0.0,200000000.0,1.0,1.0
2735,4.9,1000000.0,10.0,1.0,200.0,0.0,200000000.0,1.0,1.0
2736,4.0,1000000.0,4.0,1.0,200.0,0.0,200000000.0,1.0,1.0
2737,4.0,1000000.0,4.0,1.0,200.0,0.0,200000000.0,1.0,1.0
2738,4.0,1000000.0,4.0,1.0,200.0,0.0,200000000.0,1.0,1.0
2739,4.0,1000000.0,4.0,1.0,200.0,0.0,200000000.0,1.0,1.0
2740,4.0,1000000.0,4.0,1.0,200.0,0.0,200000000.0,1.0,1.0
2741,4.0,1000000.0,4.0,1.0,200.0,0.0,200000000.0,1.0,1.0
2742,4.0,1000000.0,4.0,1.0,200.0,0.0,200000000.0,1.0,1.0
2743,4.0,1000000.0,4.0,1.0,200.0,0.0,200000000.0,1.0,1.0
2744,4.0,1000000.0,4.0,1.0,200.0,0.0,200000000.0,1.0,1.0
2745,4.0,1000000.0,4.0,1.0,200.0,0.0,200000000.0,1.0,1.0
2746,4.0,1000000.0,4.0,1.0,200.0,0.0,200000000.0,1.0,1.0
2747,4.205,1000000.0,7.0,1.0,200.0,0.0,200000000.0,1.0,1.0
2748,4.0,1000000.0,4.0,1.0,200.0,0.0,200000000.0,1.0,1.0
2749,4.0,1000000.0,4.0,1.0,200.0,0.0,200000000.0,1.0,1.0
2750,4.0,1000000.0,4.0,1.0,200.0,0.0,200000000.0,1.0,1.0
2751,4.0,1000000.0,4.0,1.0,200.0,0.0,200000000.0,1.0,1.0
2752,4.0,1000000.0,4.0,1.0,200.0,0.0,200000000.0,1.0,1.0
2753,4.0,1000000.0,4.0,1.0,200.0,0.0,200000000.0,1.0,1.0
2754,4.0,1000000.0,4.0,1.0,200.0,0.0,200000000.0,1.0,1.0
2755,4.0,1000000.0,4.0,1.0,200.0,0.0,200000000.0,1.0,1.0
2756,4.0,1000000.0,4.0,1.0,200.0,0.0,200000000.0,1.0,1.0
2757,4.0,1000000.0,4.0,1.0,200.0,0.0,200000000.0,1.0,1.0
2758,4.0,1000000.0,4.0,1.0,200.0,0.0,200000000.0,1.0,1.0
2759,4.0,1000000.0,4.0,1.0,200.0,0.0,200000000.0,1.0,1.0
2760,4.0,1000000.0,4.0,1.0,200.0,0.0,200000000.0,1.0,1.0
2761,4.0,1000000.0,4.0,1.0,200.0,0.0,200000000.0,1.0,1.0
2762,4.0,1000000.0,4.0,1.0,200.0,0.0,200000000.0,1.0,1.0
2763,4.0,1000000.0,4.0,1.0,200.0,0.0,200000000.0,1.0,1.0
2764,4.0,1000000.0,4.0,1.0,200.0,0.0,200000000.0,1.0,1.0
2765,4.0,1000000.0,4.0,1.0,200.0,0.0,200000000.0,1.0,1.0
2766,4.0,1000000.0,4.0,1.0,200.0,0.0,200000000.0,1.0,1.0
2767,4.0,1000000.0,4.0,1.0,200.0,0.0,200000000.0,1.0,1.0
2768,4.0,1000000.0,4.0,1.0,200.0,0.0,200000000.0,1.0,1.0
2769,4.0,1000000.0,4.0,1.0,200.0,0.0,200000000.0,1.0,1.0
2770,4.0,1000000.0,4.0,1.0,200.0,0.0,200000000.0,1.0,1.0
2771,4.0,1000000.0,4.0,1.0,200.0,0.0,200000000.0,1.0,1.0
2772,4.0,1000000.0,4.0,1.0,200.0,0.0,200000000.0,1.0,1.0
2773,4.0,1000000.0,4.0,1.0,200.0,0.0,200000000.0,1.0,1.0
2774,4.0,1000000.0,4.0,1.0,200.0,0.0,200000000.0,1.0,1.0
2775,4.0,1000000.0,4.0,1.0,200.0,0.0,200000000.0,1.0,1.0
2776,4.0,1000000.0,4.0,1.0,200.0,0.0,200000000.0,1.0,1.0
2777,4.0,1000000.0,4.0,1.0,200.0,0.0,200000000.0,1.0,1.0
2778,4.0,1000000.0,4.0,1.0,200.0,0.0,200000000.0,1.0,1.0
2779,4.0,1000000.0,4.0,1.0,200.0,0.0,200000000.0,1.0,1.0
2780,4.0,1000000.0,4.0,1.0,199.0,0.0,199000000.0,1.0,1.0
2781,4.0,1000000.0,4.0,1.0,201.0,0.0,201000000.0,1.0,1.0
2782,4.0,1000000.0,4.0,1.0,200.0,0.0,200000000.0,1.0,1.0
2783,4.0,1000000.0,4.0,1.0,199.0,0.0,199000000.0,1.0,1.0
2784,4.0,1000000.0,4.0,1.0,201.0,0.0,201000000.0,1.0,1.0
2785,4.0,1000000.0,4.0,1.0,200.0,0.0,200000000.0,1.0,1.0
2786,4.0,1000000.0,4.0,1.0,199.0,0.0,199000000.0,1.0,1.0
2787,4.0,1000000.0,4.0,1.0,201.0,0.0,201000000.0,1.0,1.0
2788,4.0,1000000.0,4.0,1.0,200.0,0.0,200000000.0,1.0,1.0
2789,4.0,1000000.0,4.0,1.0,200.0,0.0,200000000.0,1.0,1.0
2790,4.0,1000000.0,4.0,1.0,200.0,0.0,200000000.0,1.0,1.0
2791,4.0,1000000.0,4.0,1.0,200.0,0.0,200000000.0,1.0,1.0
2792,4.0,1000000.0,4.0,1.0,200.0,0.0,200000000.0,1.0,1.0
2793,4.0,1000000.0,4.0,1.0,200.0,0.0,200000000.0,1.0,1.0
2794,4.0,1000000.0,4.0,1.0,200.0,0.0,200000000.0,1.0,1.0
2795,4.0,1000000.0,4.0,1.0,200.0,0.0,200000000.0,1.0,1.0
2796,4.0,1000000.0,4.0,1.0,200.0,0.0,200000000.0,1.0,1.0
2797,4.0,1000000.0,4.0,1.0,200.0,0.0,200000000.0,1.0,1.0
2798,4.0,1000000.0,4.0,1.0,199.0,0.0,199000000.0,1.0,1.0
2799,4.0,1000000.0,4.0,1.0,201.0,0.0,201000000.0,1.0,1.0
2800,4.0,1000000.0,4.0,1.0,200.0,0.0,200000000.0,1.0,1.0
2801,4.0,1000000.0,4.0,1.0,200.0,0.0,200000000.0,1.0,1.0
2802,4.0,1000000.0,4.0,1.0,200.0,0.0,200000000.0,1.0,1.0
2803,4.0,1000000.0,4.0,1.0,200.0,0.0,200000000.0,1.0,1.0
2804,4.0,1000000.0,4.0,1.0,200.0,0.0,200000000.0,1.0,1.0
2805,4.0,1000000.0,4.0,1.0,200.0,0.0,200000000.0,1.0,1.0
2806,4.0049751243781095,1000000.0,5.0,1.0,201.0,0.0,201000000.0,1.0,2.0
2807,4.0,1000000.0,4.0,1.0,200.0,0.0,200000000.0,1.0,1.0
2808,4.009950248756219,1000000.0,6.0,1.0,201.0,0.0,201000000.0,1.0,2.0
2809,4.0,1000000.0,4.0,1.0,200.0,0.0,200000000.0,1.0,1.0
2810,4.0,1000000.0,4.0,1.0,200.0,0.0,200000000.0,1.0,1.0
2811,4.0,1000000.0,4.0,1.0,200.0,0.0,200000000.0,1.0,1.0
2812,4.0,1000000.0,4.0,1.0,200.0,0.0,200000000.0,1.0,1.0
2813,4.0049751243781095,1000000.0,5.0,1.0,201.0,0.0,201000000.0,1.0,2.0
2814,4.0,1000000.0,4.0,1.0,200.0,0.0,200000000.0,1.0,1.0
2815,4.0,1000000.0,4.0,1.0,200.0,0.0,200000000.0,1.0,1.0
2816,4.0,1000000.0,4.0,1.0,200.0,0.0,200000000.0,1.0,1.0
2817,4.0,1000000.0,4.0,1.0,200.0,0.0,200000000.0,1.0,1.0
2818,4.0,1000000.0,4.0,1.0,200.0,0.0,200000000.0,1.0,1.0
2819,4.0,1000000.0,4.0,1.0,200.0,0.0,200000000.0,1.0,1.0
2820,4.0,1000000.0,4.0,1.0,200.0,0.0,200000000.0,1.0,1.0
2821,4.0,1000000.0,4.0,1.0,200.0,0.0,200000000.0,1.0,1.0
2822,4.0,1000000.0,4.0,1.0,200.0,0.0,200000000.0,1.0,1.0
2823,4.0,1000000.0,4.0,1.0,200.0,0.0,200000000.0,1.0,1.0
2824,4.0,1000000.0,4.0,1.0,200.0,0.0,200000000.0,1.0,1.0
2825,4.0,1000000.0,4.0,1.0,200.0,0.0,200000000.0,1.0,1.0
2826,4.0,1000000.0,4.0,1.0,200.0,0.0,200000000.0,1.0,1.0
2827,4.0,1000000.0,4.0,1.0,200.0,0.0,200000000.0,1.0,1.0
2828,4.0,1000000.0,4.0,1.0,200.0,0.0,200000000.0,1.0,1.0
2829,4.0,1000000.0,4.0,1.0,200.0,0.0,200000000.0,1.0,1.0
2830,4.0,1000000.0,4.0,1.0,200.0,0.0,200000000.0,1.0,1.0
2831,4.0,1000000.0,4.0,1.0,200.0,0.0,200000000.0,1.0,1.0
2832,4.0,1000000.0,4.0,1.0,200.0,0.0,200000000.0,1.0,1.0
2833,4.0,1000000.0,4.0,1.0,200.0,0.0,200000000.0,1.0,1.0
2834,4.0,1000000.0,4.0,1.0,200.0,0.0,200000000.0,1.0,1.0
2835,4.0,1000000.0,4.0,1.0,200.0,0.0,200000000.0,1.0,1.0
2836,4.0,1000000.0,4.0,1.0,200.0,0.0,200000000.0,1.0,1.0
2837,4.0,1000000.0,4.0,1.0,200.0,0.0,200000000.0,1.0,1.0
2838,4.0,1000000.0,4.0,1.0,200.0,0.0,200000000.0,1.0,1.0
2839,4.0,1000000.0,4.0,1.0,200.0,0.0,200000000.0,1.0,1.0
2840,4.0,1000000.0,4.0,1.0,200.0,0.0,200000000.0,1.0,1.0
2841,4.0,1000000.0,4.0,1.0,200.0,0.0,200000000.0,1.0,1.0
2842,4.0,1000000.0,4.0,1.0,200.0,0.0,200000000.0,1.0,1.0
2843,4.0,1000000.0,4.0,1.0,200.0,0.0,200000000.0,1.0,1.0
2844,4.0,1000000.0,4.0,1.0,200.0,0.0,200000000.0,1.0,1.0
2845,4.0,1000000.0,4.0,1.0,200.0,0.0,200000000.0,1.0,1.0
2846,4.019900497512438,1000000.0,8.0,1.0,201.0,0.0,201000000.0,1.0,2.0
2847,4.0,1000000.0,4.0,1.0,200.0,0.0,200000000.0,1.0,1.0
2848,4.0,1000000.0,4.0,1.0,200.0,0.0,200000000.0,1.0,1.0
2849,4.0,1000000.0,4.0,1.0,200.0,0.0,200000000.0,1.0,1.0
2850,4.0,1000000.0,4.0,1.0,200.0,0.0,200000000.0,1.0,1.0
2851,4.0,1000000.0,4.0,1.0,200.0,0.0,200000000.0,1.0,1.0
2852,4.0,1000000.0,4.0,1.0,200.0,0.0,200000000.0,1.0,1.0
2853,4.0,1000000.0,4.0,1.0,200.0,0.0,200000000.0,1.0,1.0
2854,4.0,1000000.0,4.0,1.0,200.0,0.0,200000000.0,1.0,1.0
2855,4.0,1000000.0,4.0,1.0,200.0,0.0,200000000.0,1.0,1.0
2856,4.0,1000000.0,4.0,1.0,200.0,0.0,200000000.0,1.0,1.0
2857,4.0,1000000.0,4.0,1.0,200.0,0.0,200000000.0,1.0,1.0
2858,4.0,1000000.0,4.0,1.0,200.0,0.0,200000000.0,1.0,1.0
2859,4.0,1000000.0,4.0,1.0,200.0,0.0,200000000.0,1.0,1.0
2860,4.0,1000000.0,4.0,1.0,200.0,0.0,200000000.0,1.0,1.0
2861,4.0,1000000.0,4.0,1.0,200.0,0.0,200000000.0,1.0,1.0
2862,4.0,1000000.0,4.0,1.0,200.0,0.0,200000000.0,1.0,1.0
2863,4.0,1000000.0,4.0,1.0,200.0,0.0,200000000.0,1.0,1.0
2864,4.0,1000000.0,4.0,1.0,200.0,0.0,200000000.0,1.0,1.0
2865,4.0,1000000.0,4.0,1.0,200.0,0.0,200000000.0,1.0,1.0
2866,4.0,1000000.0,4.0,1.0,200.0,0.0,200000000.0,1.0,1.0
2867,4.0,1000000.0,4.0,1.0,200.0,0.0,200000000.0,1.0,1.0
2868,4.0,1000000.0,4.0,1.0,200.0,0.0,200000000.0,1.0,1.0
2869,4.024875621890548,1000000.0,9.0,1.0,201.0,0.0,201000000.0,1.0,2.0
2870,4.0,1000000.0,4.0,1.0,200.0,0.0,200000000.0,1.0,1.0
2871,4.0,1000000.0,4.0,1.0,200.0,0.0,200000000.0,1.0,1.0
2872,4.0,1000000.0,4.0,1.0,200.0,0.0,200000000.0,1.0,1.0
2873,4.0,1000000.0,4.0,1.0,200.0,0.0,200000000.0,1.0,1.0
2874,4.0,1000000.0,4.0,1.0,200.0,0.0,200000000.0,1.0,1.0
2875,4.0,1000000.0,4.0,1.0,200.0,0.0,200000000.0,1.0,1.0
2876,4.0,1000000.0,4.0,1.0,200.0,0.0,200000000.0,1.0,1.0
2877,4.0,1000000.0,4.0,1.0,200.0,0.0,200000000.0,1.0,1.0
2878,4.0,1000000.0,4.0,1.0,200.0,0.0,200000000.0,1.0,1.0
2879,4.0,1000000.0,4.0,1.0,200.0,0.0,200000000.0,1.0,1.0
2880,4.0,1000000.0,4.0,1.0,200.0,0.0,200000000.0,1.0,1.0
2881,4.0,1000000.0,4.0,1.0,200.0,0.0,200000000.0,1.0,1.0
2882,4.0,1000000.0,4.0,1.0,200.0,0.0,200000000.0,1.0,1.0
2883,4.0,1000000.0,4.0,1.0,200.0,0.0,200000000.0,1.0,1.0
2884,4.0,1000000.0,4.0,1.0,200.0,0.0,200000000.0,1.0,1.0
2885,4.0,1000000.0,4.0,1.0,200.0,0.0,200000000.0,1.0,1.0
2886,4.0,1000000.0,4.0,1.0,200.0,0.0,200000000.0,1.0,1.0
2887,4.0,1000000.0,4.0,1.0,200.0,0.0,200000000.0,1.0,1.0
2888,4.0,1000000.0,4.0,1.0,200.0,0.0,200000000.0,1.0,1.0
2889,4.0,1000000.0,4.0,1.0,200.0,0.0,200000000.0,1.0,1.0
2890,4.0,1000000.0,4.0,1.0,200.0,0.0,200000000.0,1.0,1.0
2891,4.0,1000000.0,4.0,1.0,200.0,0.0,200000000.0,1.0,1.0
2892,4.0,1000000.0,4.0,1.0,200.0,0.0,200000000.0,1.0,1.0
2893,4.0,1000000.0,4.0,1.0,200.0,0.0,200000000.0,1.0,1.0
2894,4.0,1000000.0,4.0,1.0,200.0,0.0,200000000.0,1.0,1.0
2895,4.0,1000000.0,4.0,1.0,200.0,0.0,200000000.0,1.0,1.0
2896,4.009950248756219,1000000.0,6.0,1.0,201.0,0.0,201000000.0,1.0,2.0
2897,4.0,1000000.0,4.0,1.0,200.0,0.0,200000000.0,1.0,1.0
2898,4.0,1000000.0,4.0,1.0,200.0,0.0,200000000.0,1.0,1.0
2899,5.315,1000000.0,6.0,1.0,200.0,0.0,200000000.0,1.0,1.0
2900,5.0,1000000.0,5.0,1.0,200.0,0.0,200000000.0,1.0,1.0
2901,5.0,1000000.0,5.0,1.0,200.0,0.0,200000000.0,1.0,1.0
2902,5.0,1000000.0,5.0,1.0,200.0,0.0,200000000.0,1.0,1.0
2903,5.0,1000000.0,5.0,1.0,200.0,0.0,200000000.0,1.0,1.0
2904,5.0,1000000.0,5.0,1.0,200.0,0.0,200000000.0,1.0,1.0
2905,5.0,1000000.0,5.0,1.0,200.0,0.0,200000000.0,1.0,1.0
2906,5.0,1000000.0,6.0,1.0,202.0,0.0,202000000.0,1.0,3.0
2907,5.0,1000000.0,5.0,1.0,200.0,0.0,200000000.0,1.0,1.0
2908,5.0,1000000.0,5.0,1.0,200.0,0.0,200000000.0,1.0,1.0
2909,5.0,1000000.0,5.0,1.0,200.0,0.0,200000000.0,1.0,1.0
2910,5.0,1000000.0,5.0,1.0,200.0,0.0,200000000.0,1.0,1.0
2911,4.9950248756218905,1000000.0,5.0,1.0,201.0,0.0,201000000.0,1.0,2.0
2912,5.0,1000000.0,5.0,1.0,200.0,0.0,200000000.0,1.0,1.0
2913,5.0,1000000.0,5.0,1.0,200.0,0.0,200000000.0,1.0,1.0
2914,5.0,1000000.0,5.0,1.0,200.0,0.0,200000000.0,1.0,1.0
2915,5.0,1000000.0,5.0,1.0,200.0,0.0,200000000.0,1.0,1.0
2916,5.0,1000000.0,5.0,1.0,200.0,0.0,200000000.0,1.0,1.0
2917,5.0,1000000.0,5.0,1.0,200.0,0.0,200000000.0,1.0,1.0
2918,5.0,1000000.0,5.0,1.0,200.0,0.0,200000000.0,1.0,1.0
2919,5.0,1000000.0,5.0,1.0,200.0,0.0,200000000.0,1.0,1.0
2920,5.0,1000000.0,5.0,1.0,200.0,0.0,200000000.0,1.0,1.0
2921,5.0,1000000.0,5.0,1.0,200.0,0.0,200000000.0,1.0,1.0
2922,5.0,1000000.0,5.0,1.0,200.0,0.0,200000000.0,1.0,1.0
2923,5.0,1000000.0,5.0,1.0,200.0,0.0,200000000.0,1.0,1.0
2924,5.0,1000000.0,5.0,1.0,200.0,0.0,200000000.0,1.0,1.0
2925,5.0,1000000.0,5.0,1.0,200.0,0.0,200000000.0,1.0,1.0
2926,5.0,1000000.0,5.0,1.0,200.0,0.0,200000000.0,1.0,1.0
2927,5.0,1000000.0,5.0,1.0,200.0,0.0,200000000.0,1.0,1.0
2928,5.0,1000000.0,5.0,1.0,200.0,0.0,200000000.0,1.0,1.0
2929,5.0,1000000.0,5.0,1.0,200.0,0.0,200000000.0,1.0,1.0
2930,5.0,1000000.0,5.0,1.0,200.0,0.0,200000000.0,1.0,1.0
2931,5.0,1000000.0,5.0,1.0,200.0,0.0,200000000.0,1.0,1.0
2932,5.0,1000000.0,5.0,1.0,200.0,0.0,200000000.0,1.0,1.0
2933,5.0,1000000.0,5.0,1.0,200.0,0.0,200000000.0,1.0,1.0
2934,5.0,1000000.0,5.0,1.0,200.0,0.0,200000000.0,1.0,1.0
2935,5.0,1000000.0,5.0,1.0,200.0,0.0,200000000.0,1.0,1.0
2936,5.0,1000000.0,5.0,1.0,200.0,0.0,200000000.0,1.0,1.0
2937,5.0,1000000.0,5.0,1.0,200.0,0.0,200000000.0,1.0,1.0
2938,5.0,1000000.0,5.0,1.0,200.0,0.0,200000000.0,1.0,1.0
2939,5.0,1000000.0,5.0,1.0,200.0,0.0,200000000.0,1.0,1.0
2940,5.0,1000000.0,5.0,1.0,199.0,0.0,199000000.0,1.0,1.0
2941,5.0,1000000.0,5.0,1.0,201.0,0.0,201000000.0,1.0,1.0
2942,5.0,1000000.0,5.0,1.0,200.0,0.0,200000000.0,1.0,1.0
2943,5.0,1000000.0,5.0,1.0,200.0,0.0,200000000.0,1.0,1.0
2944,5.0,1000000.0,5.0,1.0,200.0,0.0,200000000.0,1.0,1.0
2945,5.019900497512438,1000000.0,9.0,1.0,201.0,0.0,201000000.0,1.0,2.0
2946,5.0,1000000.0,5.0,1.0,199.0,0.0,199000000.0,1.0,1.0
2947,5.0,1000000.0,5.0,1.0,201.0,0.0,201000000.0,1.0,1.0
2948,5.0,1000000.0,5.0,1.0,200.0,0.0,200000000.0,1.0,1.0
2949,5.0,1000000.0,5.0,1.0,200.0,0.0,200000000.0,1.0,1.0
2950,5.0,1000000.0,5.0,1.0,200.0,0.0,200000000.0,1.0,1.0
2951,5.0,1000000.0,5.0,1.0,200.0,0.0,200000000.0,1.0,1.0
2952,5.0,1000000.0,5.0,1.0,200.0,0.0,200000000.0,1.0,1.0
2953,5.0,1000000.0,5.0,1.0,200.0,0.0,200000000.0,1.0,1.0
2954,5.0,1000000.0,5.0,1.0,200.0,0.0,200000000.0,1.0,1.0
2955,5.0,1000000.0,5.0,1.0,200.0,0.0,200000000.0,1.0,1.0
2956,5.0,1000000.0,5.0,1.0,200.0,0.0,200000000.0,1.0,1.0
2957,5.0,1000000.0,5.0,1.0,200.0,0.0,200000000.0,1.0,1.0
2958,5.0,1000000.0,5.0,1.0,200.0,0.0,200000000.0,1.0,1.0
2959,5.0,1000000.0,5.0,1.0,200.0,0.0,200000000.0,1.0,1.0
2960,5.0,1000000.0,5.0,1.0,200.0,0.0,200000000.0,1.0,1.0
2961,5.0,1000000.0,5.0,1.0,200.0,0.0,200000000.0,1.0,1.0
2962,5.0,1000000.0,5.0,1.0,200.0,0.0,200000000.0,1.0,1.0
2963,5.0,1000000.0,5.0,1.0,200.0,0.0,200000000.0,1.0,1.0
2964,5.0,1000000.0,5.0,1.0,200.0,0.0,200000000.0,1.0,1.0
2965,5.0,1000000.0,5.0,1.0,200.0,0.0,200000000.0,1.0,1.0
2966,5.0,1000000.0,5.0,1.0,200.0,0.0,200000000.0,1.0,1.0
2967,5.0,1000000.0,5.0,1.0,200.0,0.0,200000000.0,1.0,1.0
2968,5.0,1000000.0,5.0,1.0,200.0,0.0,200000000.0,1.0,1.0
2969,4.455,1000000.0,5.0,1.0,200.0,0.0,200000000.0,1.0,1.0
2970,4.0,1000000.0,4.0,1.0,200.0,0.0,200000000.0,1.0,1.0
2971,4.009950248756219,1000000.0,6.0,1.0,201.0,0.0,201000000.0,1.0,2.0
2972,4.0,1000000.0,4.0,1.0,200.0,0.0,200000000.0,1.0,1.0
2973,4.0,1000000.0,4.0,1.0,200.0,0.0,200000000.0,1.0,1.0
2974,4.0,1000000.0,4.0,1.0,200.0,0.0,200000000.0,1.0,1.0
2975,4.34,1000000.0,6.0,1.0,200.0,0.0,200000000.0,1.0,1.0
2976,5.0,1000000.0,5.0,1.0,200.0,0.0,200000000.0,1.0,1.0
2977,5.0049751243781095,1000000.0,6.0,1.0,201.0,0.0,201000000.0,1.0,2.0
2978,5.0,1000000.0,5.0,1.0,200.0,0.0,200000000.0,1.0,1.0
2979,5.19,1000000.0,6.0,1.0,200.0,0.0,200000000.0,1.0,1.0
2980,6.0,1000000.0,6.0,1.0,200.0,0.0,200000000.0,1.0,1.0
2981,6.0,1000000.0,6.0,1.0,200.0,0.0,200000000.0,1.0,1.0
2982,5.9950248756218905,1000000.0,6.0,1.0,201.0,0.0,201000000.0,1.0,2.0
2983,6.0,1000000.0,6.0,1.0,200.0,0.0,200000000.0,1.0,1.0
2984,6.0,1000000.0,6.0,1.0,200.0,0.0,200000000.0,1.0,1.0
2985,6.0,1000000.0,6.0,1.0,200.0,0.0,200000000.0,1.0,1.0
2986,6.0,1000000.0,6.0,1.0,200.0,0.0,200000000.0,1.0,1.0
2987,6.0,1000000.0,6.0,1.0,200.0,0.0,200000000.0,1.0,1.0
2988,6.0,1000000.0,6.0,1.0,200.0,0.0,200000000.0,1.0,1.0
2989,6.0,1000000.0,6.0,1.0,200.0,0.0,200000000.0,1.0,1.0
2990,6.0,1000000.0,6.0,1.0,200.0,0.0,200000000.0,1.0,1.0
2991,6.0,1000000.0,6.0,1.0,200.0,0.0,200000000.0,1.0,1.0
2992,6.0,1000000.0,6.0,1.0,200.0,0.0,200000000.0,1.0,1.0
2993,6.0,1000000.0,6.0,1.0,200.0,0.0,200000000.0,1.0,1.0
2994,6.0,1000000.0,6.0,1.0,199.0,0.0,199000000.0,1.0,1.0
2995,6.0,1000000.0,6.0,1.0,200.0,0.0,200000000.0,1.0,1.0
2996,6.0,1000000.0,6.0,1.0,201.0,0.0,201000000.0,1.0,1.0
2997,6.0,1000000.0,6.0,1.0,200.0,0.0,200000000.0,1.0,1.0
2998,6.0,1000000.0,6.0,1.0,200.0,0.0,200000000.0,1.0,1.0
2999,6.0,1000000.0,6.0,1.0,200.0,0.0,200000000.0,1.0,1.0
3000,6.0,1000000.0,6.0,1.0,200.0,0.0,200000000.0,1.0,1.0
3001,6.0,1000000.0,6.0,1.0,200.0,0.0,200000000.0,1.0,1.0
3002,6.0,1000000.0,6.0,1.0,200.0,0.0,200000000.0,1.0,1.0
3003,6.0,1000000.0,6.0,1.0,200.0,0.0,200000000.0,1.0,1.0
3004,6.0,1000000.0,6.0,1.0,200.0,0.0,200000000.0,1.0,1.0
3005,6.0,1000000.0,6.0,1.0,200.0,0.0,200000000.0,1.0,1.0
3006,6.0,1000000.0,6.0,1.0,200.0,0.0,200000000.0,1.0,1.0
3007,6.0,1000000.0,6.0,1.0,200.0,0.0,200000000.0,1.0,1.0
3008,6.0,1000000.0,6.0,1.0,200.0,0.0,200000000.0,1.0,1.0
3009,6.0,1000000.0,6.0,1.0,200.0,0.0,200000000.0,1.0,1.0
3010,6.0,1000000.0,6.0,1.0,200.0,0.0,200000000.0,1.0,1.0
3011,6.0,1000000.0,6.0,1.0,200.0,0.0,200000000.0,1.0,1.0
3012,6.0,1000000.0,6.0,1.0,200.0,0.0,200000000.0,1.0,1.0
3013,6.0,1000000.0,6.0,1.0,200.0,0.0,200000000.0,1.0,1.0
3014,6.0,1000000.0,6.0,1.0,200.0,0.0,200000000.0,1.0,1.0
3015,6.0,1000000.0,6.0,1.0,200.0,0.0,200000000.0,1.0,1.0
3016,6.0,1000000.0,6.0,1.0,200.0,0.0,200000000.0,1.0,1.0
3017,6.0,1000000.0,6.0,1.0,200.0,0.0,200000000.0,1.0,1.0
3018,6.0,1000000.0,6.0,1.0,200.0,0.0,200000000.0,1.0,1.0
3019,6.0,1000000.0,6.0,1.0,200.0,0.0,200000000.0,1.0,1.0
3020,6.0,1000000.0,6.0,1.0,200.0,0.0,200000000.0,1.0,1.0
3021,6.014925373134329,1000000.0,9.0,1.0,201.0,0.0,201000000.0,1.0,2.0
3022,6.0,1000000.0,6.0,1.0,200.0,0.0,200000000.0,1.0,1.0
3023,6.014925373134329,1000000.0,9.0,1.0,201.0,0.0,201000000.0,1.0,2.0
3024,6.0,1000000.0,6.0,1.0,200.0,0.0,200000000.0,1.0,1.0
3025,6.0,1000000.0,6.0,1.0,200.0,0.0,200000000.0,1.0,1.0
3026,6.0,1000000.0,6.0,1.0,200.0,0.0,200000000.0,1.0,1.0
3027,6.0,1000000.0,6.0,1.0,200.0,0.0,200000000.0,1.0,1.0
3028,6.0,1000000.0,6.0,1.0,200.0,0.0,200000000.0,1.0,1.0
3029,6.0,1000000.0,6.0,1.0,200.0,0.0,200000000.0,1.0,1.0
3030,6.0,1000000.0,6.0,1.0,200.0,0.0,200000000.0,1.0,1.0
3031,6.0,1000000.0,6.0,1.0,200.0,0.0,200000000.0,1.0,1.0
3032,6.0,1000000.0,6.0,1.0,200.0,0.0,200000000.0,1.0,1.0
3033,6.0,1000000.0,6.0,1.0,200.0,0.0,200000000.0,1.0,1.0
3034,6.0,1000000.0,6.0,1.0,200.0,0.0,200000000.0,1.0,1.0
3035,6.0,1000000.0,6.0,1.0,200.0,0.0,200000000.0,1.0,1.0
3036,6.0,1000000.0,6.0,1.0,200.0,0.0,200000000.0,1.0,1.0
3037,6.0,1000000.0,6.0,1.0,200.0,0.0,200000000.0,1.0,1.0
3038,6.0,1000000.0,6.0,1.0,200.0,0.0,200000000.0,1.0,1.0
3039,6.0,1000000.0,6.0,1.0,200.0,0.0,200000000.0,1.0,1.0
3040,6.0,1000000.0,6.0,1.0,200.0,0.0,200000000.0,1.0,1.0
3041,6.0,1000000.0,6.0,1.0,200.0,0.0,200000000.0,1.0,1.0
3042,6.0,1000000.0,6.0,1.0,200.0,0.0,200000000.0,1.0,1.0
3043,6.0,1000000.0,6.0,1.0,200.0,0.0,200000000.0,1.0,1.0
3044,6.0,1000000.0,6.0,1.0,200.0,0.0,200000000.0,1.0,1.0
3045,6.0,1000000.0,6.0,1.0,200.0,0.0,200000000.0,1.0,1.0
3046,6.0,1000000.0,6.0,1.0,200.0,0.0,200000000.0,1.0,1.0
3047,6.0,1000000.0,6.0,1.0,200.0,0.0,200000000.0,1.0,1.0
3048,6.0,1000000.0,6.0,1.0,200.0,0.0,200000000.0,1.0,1.0
3049,6.0,1000000.0,6.0,1.0,200.0,0.0,200000000.0,1.0,1.0
3050,6.0,1000000.0,6.0,1.0,200.0,0.0,200000000.0,1.0,1.0
3051,5.437810945273632,1000000.0,7.0,1.0,201.0,0.0,201000000.0,1.0,2.0
3052,4.0,1000000.0,4.0,1.0,200.0,0.0,200000000.0,1.0,1.0
3053,4.0049751243781095,1000000.0,5.0,1.0,201.0,0.0,201000000.0,1.0,2.0
3054,4.009950248756219,1000000.0,6.0,1.0,201.0,0.0,201000000.0,1.0,2.0
3055,4.0,1000000.0,4.0,1.0,200.0,0.0,200000000.0,1.0,1.0
3056,4.0049751243781095,1000000.0,5.0,1.0,201.0,0.0,201000000.0,1.0,2.0
3057,4.0,1000000.0,4.0,1.0,200.0,0.0,200000000.0,1.0,1.0
3058,4.0,1000000.0,4.0,1.0,200.0,0.0,200000000.0,1.0,1.0
3059,4.0,1000000.0,4.0,1.0,200.0,0.0,200000000.0,1.0,1.0
3060,4.0,1000000.0,4.0,1.0,200.0,0.0,200000000.0,1.0,1.0
3061,4.0,1000000.0,4.0,1.0,200.0,0.0,200000000.0,1.0,1.0
3062,4.0,1000000.0,4.0,1.0,200.0,0.0,200000000.0,1.0,1.0
3063,4.0,1000000.0,4.0,1.0,200.0,0.0,200000000.0,1.0,1.0
3064,4.0,1000000.0,4.0,1.0,200.0,0.0,200000000.0,1.0,1.0
3065,4.0,1000000.0,4.0,1.0,200.0,0.0,200000000.0,1.0,1.0
3066,4.0,1000000.0,4.0,1.0,200.0,0.0,200000000.0,1.0,1.0
3067,4.0,1000000.0,4.0,1.0,200.0,0.0,200000000.0,1.0,1.0
3068,4.0,1000000.0,4.0,1.0,200.0,0.0,200000000.0,1.0,1.0
3069,4.0,1000000.0,4.0,1.0,200.0,0.0,200000000.0,1.0,1.0
3070,4.0,1000000.0,4.0,1.0,200.0,0.0,200000000.0,1.0,1.0
3071,4.0,1000000.0,4.0,1.0,200.0,0.0,200000000.0,1.0,1.0
3072,4.0,1000000.0,4.0,1.0,200.0,0.0,200000000.0,1.0,1.0
3073,4.0,1000000.0,4.0,1.0,200.0,0.0,200000000.0,1.0,1.0
3074,4.0,1000000.0,4.0,1.0,200.0,0.0,200000000.0,1.0,1.0
3075,4.0,1000000.0,4.0,1.0,200.0,0.0,200000000.0,1.0,1.0
3076,4.0,1000000.0,4.0,1.0,200.0,0.0,200000000.0,1.0,1.0
3077,4.0,1000000.0,4.0,1.0,200.0,0.0,200000000.0,1.0,1.0
3078,4.0,1000000.0,4.0,1.0,200.0,0.0,200000000.0,1.0,1.0
3079,4.0,1000000.0,4.0,1.0,200.0,0.0,200000000.0,1.0,1.0
3080,4.0,1000000.0,4.0,1.0,200.0,0.0,200000000.0,1.0,1.0
3081,4.0,1000000.0,4.0,1.0,200.0,0.0,200000000.0,1.0,1.0
3082,4.0,1000000.0,4.0,1.0,200.0,0.0,200000000.0,1.0,1.0
3083,4.0,1000000.0,4.0,1.0,200.0,0.0,200000000.0,1.0,1.0
3084,4.0,1000000.0,4.0,1.0,200.0,0.0,200000000.0,1.0,1.0
3085,4.0,1000000.0,4.0,1.0,200.0,0.0,200000000.0,1.0,1.0
3086,4.0,1000000.0,4.0,1.0,200.0,0.0,200000000.0,1.0,1.0
3087,4.024875621890548,1000000.0,9.0,1.0,201.0,0.0,201000000.0,1.0,2.0
3088,4.0,1000000.0,4.0,1.0,200.0,0.0,200000000.0,1.0,1.0
3089,4.0,1000000.0,4.0,1.0,200.0,0.0,200000000.0,1.0,1.0
3090,4.0,1000000.0,4.0,1.0,200.0,0.0,200000000.0,1.0,1.0
3091,4.0,1000000.0,4.0,1.0,200.0,0.0,200000000.0,1.0,1.0
3092,4.0,1000000.0,4.0,1.0,200.0,0.0,200000000.0,1.0,1.0
3093,4.0,1000000.0,4.0,1.0,200.0,0.0,200000000.0,1.0,1.0
3094,4.0,1000000.0,4.0,1.0,200.0,0.0,200000000.0,1.0,1.0
3095,4.0,1000000.0,4.0,1.0,200.0,0.0,200000000.0,1.0,1.0
3096,4.0,1000000.0,4.0,1.0,200.0,0.0,200000000.0,1.0,1.0
3097,4.0,1000000.0,4.0,1.0,200.0,0.0,200000000.0,1.0,1.0
3098,4.019900497512438,1000000.0,8.0,1.0,201.0,0.0,201000000.0,1.0,2.0
3099,4.0,1000000.0,4.0,1.0,200.0,0.0,200000000.0,1.0,1.0
3100,4.0,1000000.0,4.0,1.0,200.0,0.0,200000000.0,1.0,1.0
3101,4.0,1000000.0,4.0,1.0,200.0,0.0,200000000.0,1.0,1.0
3102,4.019900497512438,1000000.0,8.0,1.0,201.0,0.0,201000000.0,1.0,2.0
3103,4.0,1000000.0,4.0,1.0,200.0,0.0,200000000.0,1.0,1.0
3104,4.0,1000000.0,4.0,1.0,200.0,0.0,200000000.0,1.0,1.0
3105,4.0,1000000.0,4.0,1.0,200.0,0.0,200000000.0,1.0,1.0
3106,4.0,1000000.0,4.0,1.0,200.0,0.0,200000000.0,1.0,1.0
3107,4.0,1000000.0,4.0,1.0,200.0,0.0,200000000.0,1.0,1.0
3108,4.0,1000000.0,4.0,1.0,200.0,0.0,200000000.0,1.0,1.0
3109,4.0,1000000.0,4.0,1.0,200.0,0.0,200000000.0,1.0,1.0
3110,4.0,1000000.0,4.0,1.0,200.0,0.0,200000000.0,1.0,1.0
3111,4.0,1000000.0,4.0,1.0,200.0,0.0,200000000.0,1.0,1.0
3112,4.0,1000000.0,4.0,1.0,200.0,0.0,200000000.0,1.0,1.0
3113,4.0049751243781095,1000000.0,5.0,1.0,201.0,0.0,201000000.0,1.0,2.0
3114,4.0,1000000.0,4.0,1.0,200.0,0.0,200000000.0,1.0,1.0
3115,4.0,1000000.0,4.0,1.0,200.0,0.0,200000000.0,1.0,1.0
3116,4.0,1000000.0,4.0,1.0,200.0,0.0,200000000.0,1.0,1.0
3117,4.0,1000000.0,4.0,1.0,200.0,0.0,200000000.0,1.0,1.0
3118,4.0,1000000.0,4.0,1.0,200.0,0.0,200000000.0,1.0,1.0
3119,4.0,1000000.0,4.0,1.0,200.0,0.0,200000000.0,1.0,1.0
3120,4.0,1000000.0,4.0,1.0,200.0,0.0,200000000.0,1.0,1.0
3121,4.0,1000000.0,4.0,1.0,200.0,0.0,200000000.0,1.0,1.0
3122,4.0,1000000.0,4.0,1.0,200.0,0.0,200000000.0,1.0,1.0
3123,4.0,1000000.0,4.0,1.0,200.0,0.0,200000000.0,1.0,1.0
3124,4.0,1000000.0,4.0,1.0,200.0,0.0,200000000.0,1.0,1.0
3125,4.0,1000000.0,4.0,1.0,200.0,0.0,200000000.0,1.0,1.0
3126,4.0,1000000.0,4.0,1.0,200.0,0.0,200000000.0,1.0,1.0
3127,4.81,1000000.0,7.0,1.0,200.0,0.0,200000000.0,1.0,1.0
3128,6.0,1000000.0,6.0,1.0,200.0,0.0,200000000.0,1.0,1.0
3129,6.0,1000000.0,6.0,1.0,200.0,0.0,200000000.0,1.0,1.0
3130,6.28,1000000.0,7.0,1.0,200.0,0.0,200000000.0,1.0,1.0
3131,7.0,1000000.0,7.0,1.0,200.0,0.0,200000000.0,1.0,1.0
3132,7.0,1000000.0,7.0,1.0,200.0,0.0,200000000.0,1.0,1.0
3133,7.0,1000000.0,7.0,1.0,200.0,0.0,200000000.0,1.0,1.0
3134,7.0,1000000.0,7.0,1.0,200.0,0.0,200000000.0,1.0,1.0
3135,7.0,1000000.0,7.0,1.0,200.0,0.0,200000000.0,1.0,1.0
3136,7.0,1000000.0,7.0,1.0,200.0,0.0,200000000.0,1.0,1.0
3137,7.0,1000000.0,7.0,1.0,200.0,0.0,200000000.0,1.0,1.0
3138,6.990049751243781,1000000.0,7.0,1.0,201.0,0.0,201000000.0,1.0,2.0
3139,7.0,1000000.0,7.0,1.0,200.0,0.0,200000000.0,1.0,1.0
3140,7.0,1000000.0,7.0,1.0,200.0,0.0,200000000.0,1.0,1.0
3141,7.0,1000000.0,7.0,1.0,200.0,0.0,200000000.0,1.0,1.0
3142,7.0,1000000.0,7.0,1.0,200.0,0.0,200000000.0,1.0,1.0
3143,7.0,1000000.0,7.0,1.0,199.0,0.0,199000000.0,1.0,1.0
3144,7.0,1000000.0,7.0,1.0,201.0,0.0,201000000.0,1.0,1.0
3145,7.0,1000000.0,7.0,1.0,200.0,0.0,200000000.0,1.0,1.0
3146,7.0,1000000.0,7.0,1.0,200.0,0.0,200000000.0,1.0,1.0
3147,7.0,1000000.0,7.0,1.0,200.0,0.0,200000000.0,1.0,1.0
3148,7.0,1000000.0,7.0,1.0,200.0,0.0,200000000.0,1.0,1.0
3149,7.0,1000000.0,7.0,1.0,200.0,0.0,200000000.0,1.0,1.0
3150,7.0,1000000.0,7.0,1.0,200.0,0.0,200000000.0,1.0,1.0
3151,7.0049751243781095,1000000.0,8.0,1.0,201.0,0.0,201000000.0,1.0,2.0
3152,7.0,1000000.0,7.0,1.0,200.0,0.0,200000000.0,1.0,1.0
3153,7.0,1000000.0,7.0,1.0,200.0,0.0,200000000.0,1.0,1.0
3154,7.0,1000000.0,7.0,1.0,200.0,0.0,200000000.0,1.0,1.0
3155,7.0,1000000.0,7.0,1.0,200.0,0.0,200000000.0,1.0,1.0
3156,7.0,1000000.0,7.0,1.0,199.0,0.0,199000000.0,1.0,1.0
3157,7.0,1000000.0,7.0,1.0,201.0,0.0,201000000.0,1.0,1.0
3158,7.0,1000000.0,7.0,1.0,200.0,0.0,200000000.0,1.0,1.0
3159,7.0,1000000.0,7.0,1.0,200.0,0.0,200000000.0,1.0,1.0
3160,7.0,1000000.0,7.0,1.0,200.0,0.0,200000000.0,1.0,1.0
3161,7.0,1000000.0,7.0,1.0,200.0,0.0,200000000.0,1.0,1.0
3162,7.0,1000000.0,7.0,1.0,200.0,0.0,200000000.0,1.0,1.0
3163,7.0,1000000.0,7.0,1.0,200.0,0.0,200000000.0,1.0,1.0
3164,7.0,1000000.0,7.0,1.0,200.0,0.0,200000000.0,1.0,1.0
3165,7.0,1000000.0,7.0,1.0,200.0,0.0,200000000.0,1.0,1.0
3166,7.0,1000000.0,7.0,1.0,200.0,0.0,200000000.0,1.0,1.0
3167,7.0,1000000.0,7.0,1.0,200.0,0.0,200000000.0,1.0,1.0
3168,7.0,1000000.0,7.0,1.0,200.0,0.0,200000000.0,1.0,1.0
3169,7.0,1000000.0,7.0,1.0,200.0,0.0,200000000.0,1.0,1.0
3170,7.0,1000000.0,7.0,1.0,200.0,0.0,200000000.0,1.0,1.0
3171,7.0,1000000.0,7.0,1.0,200.0,0.0,200000000.0,1.0,1.0
3172,7.0,1000000.0,7.0,1.0,200.0,0.0,200000000.0,1.0,1.0
3173,7.0,1000000.0,7.0,1.0,200.0,0.0,200000000.0,1.0,1.0
3174,7.0,1000000.0,7.0,1.0,200.0,0.0,200000000.0,1.0,1.0
3175,7.0,1000000.0,7.0,1.0,200.0,0.0,200000000.0,1.0,1.0
3176,7.0,1000000.0,7.0,1.0,200.0,0.0,200000000.0,1.0,1.0
3177,7.0,1000000.0,7.0,1.0,200.0,0.0,200000000.0,1.0,1.0
3178,7.0,1000000.0,7.0,1.0,200.0,0.0,200000000.0,1.0,1.0
3179,7.0,1000000.0,7.0,1.0,200.0,0.0,200000000.0,1.0,1.0
3180,6.81,1000000.0,7.0,1.0,200.0,0.0,200000000.0,1.0,1.0
3181,6.0,1000000.0,6.0,1.0,200.0,0.0,200000000.0,1.0,1.0
3182,6.0,1000000.0,6.0,1.0,200.0,0.0,200000000.0,1.0,1.0
3183,6.0,1000000.0,6.0,1.0,200.0,0.0,200000000.0,1.0,1.0
3184,6.0,1000000.0,6.0,1.0,200.0,0.0,200000000.0,1.0,1.0
3185,6.0,1000000.0,6.0,1.0,200.0,0.0,200000000.0,1.0,1.0
3186,6.0,1000000.0,6.0,1.0,200.0,0.0,200000000.0,1.0,1.0
3187,6.0,1000000.0,6.0,1.0,200.0,0.0,200000000.0,1.0,1.0
3188,5.9950248756218905,1000000.0,6.0,1.0,201.0,0.0,201000000.0,1.0,2.0
3189,6.0,1000000.0,6.0,1.0,200.0,0.0,200000000.0,1.0,1.0
3190,6.0,1000000.0,6.0,1.0,200.0,0.0,200000000.0,1.0,1.0
3191,6.0,1000000.0,6.0,1.0,200.0,0.0,200000000.0,1.0,1.0
3192,6.0,1000000.0,6.0,1.0,200.0,0.0,200000000.0,1.0,1.0
3193,6.0,1000000.0,6.0,1.0,200.0,0.0,200000000.0,1.0,1.0
3194,6.0,1000000.0,6.0,1.0,200.0,0.0,200000000.0,1.0,1.0
3195,6.0,1000000.0,6.0,1.0,199.0,0.0,199000000.0,1.0,1.0
3196,6.0,1000000.0,6.0,1.0,201.0,0.0,201000000.0,1.0,1.0
3197,6.0,1000000.0,6.0,1.0,200.0,0.0,200000000.0,1.0,1.0
3198,6.0,1000000.0,6.0,1.0,200.0,0.0,200000000.0,1.0,1.0
3199,6.0,1000000.0,6.0,1.0,200.0,0.0,200000000.0,1.0,1.0
3200,5.9950248756218905,1000000.0,6.0,1.0,201.0,0.0,201000000.0,1.0,2.0
3201,6.0,1000000.0,6.0,1.0,200.0,0.0,200000000.0,1.0,1.0
3202,6.0,1000000.0,6.0,1.0,200.0,0.0,200000000.0,1.0,1.0
3203,5.655,1000000.0,7.0,1.0,200.0,0.0,200000000.0,1.0,1.0
3204,5.0,1000000.0,5.0,1.0,200.0,0.0,200000000.0,1.0,1.0
3205,5.0,1000000.0,5.0,1.0,200.0,0.0,200000000.0,1.0,1.0
3206,5.0,1000000.0,5.0,1.0,200.0,0.0,200000000.0,1.0,1.0
3207,5.0,1000000.0,5.0,1.0,200.0,0.0,200000000.0,1.0,1.0
3208,5.0,1000000.0,5.0,1.0,200.0,0.0,200000000.0,1.0,1.0
3209,5.0,1000000.0,5.0,1.0,200.0,0.0,200000000.0,1.0,1.0
3210,5.0,1000000.0,5.0,1.0,200.0,0.0,200000000.0,1.0,1.0
3211,5.0,1000000.0,5.0,1.0,200.0,0.0,200000000.0,1.0,1.0
3212,5.0,1000000.0,5.0,1.0,200.0,0.0,200000000.0,1.0,1.0
3213,5.0,1000000.0,5.0,1.0,200.0,0.0,200000000.0,1.0,1.0
3214,5.0,1000000.0,5.0,1.0,200.0,0.0,200000000.0,1.0,1.0
3215,5.0,1000000.0,5.0,1.0,200.0,0.0,200000000.0,1.0,1.0
3216,5.0,1000000.0,5.0,1.0,200.0,0.0,200000000.0,1.0,1.0
3217,5.0,1000000.0,5.0,1.0,200.0,0.0,200000000.0,1.0,1.0
3218,5.0,1000000.0,5.0,1.0,200.0,0.0,200000000.0,1.0,1.0
3219,5.0,1000000.0,5.0,1.0,200.0,0.0,200000000.0,1.0,1.0
3220,5.0,1000000.0,5.0,1.0,200.0,0.0,200000000.0,1.0,1.0
3221,5.0,1000000.0,5.0,1.0,200.0,0.0,200000000.0,1.0,1.0
3222,5.0,1000000.0,5.0,1.0,200.0,0.0,200000000.0,1.0,1.0
3223,5.0,1000000.0,5.0,1.0,200.0,0.0,200000000.0,1.0,1.0
3224,5.019900497512438,1000000.0,9.0,1.0,201.0,0.0,201000000.0,1.0,2.0
3225,5.0,1000000.0,5.0,1.0,200.0,0.0,200000000.0,1.0,1.0
3226,5.0,1000000.0,5.0,1.0,200.0,0.0,200000000.0,1.0,1.0
3227,5.0,1000000.0,5.0,1.0,200.0,0.0,200000000.0,1.0,1.0
3228,5.0,1000000.0,5.0,1.0,200.0,0.0,200000000.0,1.0,1.0
3229,5.0,1000000.0,5.0,1.0,200.0,0.0,200000000.0,1.0,1.0
3230,5.0,1000000.0,5.0,1.0,200.0,0.0,200000000.0,1.0,1.0
3231,5.0,1000000.0,5.0,1.0,200.0,0.0,200000000.0,1.0,1.0
3232,5.0,1000000.0,5.0,1.0,200.0,0.0,200000000.0,1.0,1.0
3233,5.0,1000000.0,5.0,1.0,200.0,0.0,200000000.0,1.0,1.0
3234,5.0,1000000.0,5.0,1.0,200.0,0.0,200000000.0,1.0,1.0
3235,5.0,1000000.0,5.0,1.0,200.0,0.0,200000000.0,1.0,1.0
3236,5.0,1000000.0,5.0,1.0,200.0,0.0,200000000.0,1.0,1.0
3237,5.0,1000000.0,5.0,1.0,199.0,0.0,199000000.0,1.0,1.0
3238,5.0,1000000.0,5.0,1.0,201.0,0.0,201000000.0,1.0,1.0
3239,5.0,1000000.0,5.0,1.0,200.0,0.0,200000000.0,1.0,1.0
3240,5.0,1000000.0,5.0,1.0,200.0,0.0,200000000.0,1.0,1.0
3241,5.0,1000000.0,5.0,1.0,200.0,0.0,200000000.0,1.0,1.0
3242,5.0,1000000.0,5.0,1.0,200.0,0.0,200000000.0,1.0,1.0
3243,5.0,1000000.0,5.0,1.0,200.0,0.0,200000000.0,1.0,1.0
3244,5.0,1000000.0,5.0,1.0,200.0,0.0,200000000.0,1.0,1.0
3245,5.0,1000000.0,5.0,1.0,200.0,0.0,200000000.0,1.0,1.0
3246,5.0,1000000.0,5.0,1.0,200.0,0.0,200000000.0,1.0,1.0
3247,5.0,1000000.0,5.0,1.0,200.0,0.0,200000000.0,1.0,1.0
3248,5.0,1000000.0,5.0,1.0,200.0,0.0,200000000.0,1.0,1.0
3249,5.0,1000000.0,5.0,1.0,200.0,0.0,200000000.0,1.0,1.0
3250,5.0,1000000.0,5.0,1.0,200.0,0.0,200000000.0,1.0,1.0
3251,5.0,1000000.0,5.0,1.0,200.0,0.0,200000000.0,1.0,1.0
3252,5.0,1000000.0,5.0,1.0,200.0,0.0,200000000.0,1.0,1.0
3253,5.0,1000000.0,5.0,1.0,200.0,0.0,200000000.0,1.0,1.0
3254,4.395,1000000.0,7.0,1.0,200.0,0.0,200000000.0,1.0,1.0
3255,4.0,1000000.0,4.0,1.0,200.0,0.0,200000000.0,1.0,1.0
3256,4.0,1000000.0,4.0,1.0,200.0,0.0,200000000.0,1.0,1.0
3257,4.0,1000000.0,4.0,1.0,200.0,0.0,200000000.0,1.0,1.0
3258,4.0,1000000.0,4.0,1.0,200.0,0.0,200000000.0,1.0,1.0
3259,4.0,1000000.0,4.0,1.0,200.0,0.0,200000000.0,1.0,1.0
3260,4.0,1000000.0,4.0,1.0,200.0,0.0,200000000.0,1.0,1.0
3261,4.0,1000000.0,4.0,1.0,200.0,0.0,200000000.0,1.0,1.0
3262,4.0,1000000.0,4.0,1.0,200.0,0.0,200000000.0,1.0,1.0
3263,4.0,1000000.0,4.0,1.0,200.0,0.0,200000000.0,1.0,1.0
3264,4.0,1000000.0,4.0,1.0,200.0,0.0,200000000.0,1.0,1.0
3265,4.0,1000000.0,4.0,1.0,200.0,0.0,200000000.0,1.0,1.0
3266,4.0,1000000.0,4.0,1.0,200.0,0.0,200000000.0,1.0,1.0
3267,4.0,1000000.0,4.0,1.0,200.0,0.0,200000000.0,1.0,1.0
3268,4.0,1000000.0,4.0,1.0,200.0,0.0,200000000.0,1.0,1.0
3269,4.0,1000000.0,4.0,1.0,200.0,0.0,200000000.0,1.0,1.0
3270,4.0,1000000.0,4.0,1.0,200.0,0.0,200000000.0,1.0,1.0
3271,4.0,1000000.0,4.0,1.0,200.0,0.0,200000000.0,1.0,1.0
3272,4.55,1000000.0,5.0,1.0,200.0,0.0,200000000.0,1.0,1.0
3273,5.0,1000000.0,5.0,1.0,200.0,0.0,200000000.0,1.0,1.0
3274,5.696517412935323,1000000.0,6.0,1.0,201.0,0.0,201000000.0,1.0,2.0
3275,6.0,1000000.0,6.0,1.0,200.0,0.0,200000000.0,1.0,1.0
3276,6.0,1000000.0,6.0,1.0,200.0,0.0,200000000.0,1.0,1.0
3277,6.0,1000000.0,6.0,1.0,200.0,0.0,200000000.0,1.0,1.0
3278,5.990049751243781,1000000.0,6.0,1.0,201.0,0.0,201000000.0,1.0,2.0
3279,5.665,1000000.0,6.0,1.0,200.0,0.0,200000000.0,1.0,1.0
3280,5.0,1000000.0,5.0,1.0,200.0,0.0,200000000.0,1.0,1.0
3281,5.0,1000000.0,5.0,1.0,200.0,0.0,200000000.0,1.0,1.0
3282,5.0,1000000.0,5.0,1.0,200.0,0.0,200000000.0,1.0,1.0
3283,5.0,1000000.0,5.0,1.0,200.0,0.0,200000000.0,1.0,1.0
3284,5.0,1000000.0,5.0,1.0,200.0,0.0,200000000.0,1.0,1.0
3285,5.0,1000000.0,5.0,1.0,200.0,0.0,200000000.0,1.0,1.0
3286,5.0,1000000.0,5.0,1.0,200.0,0.0,200000000.0,1.0,1.0
3287,5.0,1000000.0,5.0,1.0,200.0,0.0,200000000.0,1.0,1.0
3288,5.0,1000000.0,5.0,1.0,200.0,0.0,200000000.0,1.0,1.0
3289,5.0,1000000.0,5.0,1.0,200.0,0.0,200000000.0,1.0,1.0
3290,5.0,1000000.0,5.0,1.0,200.0,0.0,200000000.0,1.0,1.0
3291,5.0,1000000.0,5.0,1.0,200.0,0.0,200000000.0,1.0,1.0
3292,5.0,1000000.0,5.0,1.0,200.0,0.0,200000000.0,1.0,1.0
3293,5.0,1000000.0,5.0,1.0,200.0,0.0,200000000.0,1.0,1.0
3294,5.0,1000000.0,5.0,1.0,200.0,0.0,200000000.0,1.0,1.0
3295,5.0,1000000.0,5.0,1.0,200.0,0.0,200000000.0,1.0,1.0
3296,5.0,1000000.0,5.0,1.0,200.0,0.0,200000000.0,1.0,1.0
3297,5.0,1000000.0,5.0,1.0,200.0,0.0,200000000.0,1.0,1.0
3298,5.0,1000000.0,5.0,1.0,200.0,0.0,200000000.0,1.0,1.0
3299,5.0,1000000.0,5.0,1.0,200.0,0.0,200000000.0,1.0,1.0
3300,5.0,1000000.0,5.0,1.0,200.0,0.0,200000000.0,1.0,1.0
3301,5.0,1000000.0,5.0,1.0,200.0,0.0,200000000.0,1.0,1.0
3302,5.0,1000000.0,5.0,1.0,200.0,0.0,200000000.0,1.0,1.0
3303,5.0,1000000.0,5.0,1.0,200.0,0.0,200000000.0,1.0,1.0
3304,5.0,1000000.0,5.0,1.0,200.0,0.0,200000000.0,1.0,1.0
3305,5.0,1000000.0,5.0,1.0,200.0,0.0,200000000.0,1.0,1.0
3306,5.0,1000000.0,5.0,1.0,200.0,0.0,200000000.0,1.0,1.0
3307,5.019900497512438,1000000.0,9.0,1.0,201.0,0.0,201000000.0,1.0,2.0
3308,5.0,1000000.0,5.0,1.0,200.0,0.0,200000000.0,1.0,1.0
3309,5.0,1000000.0,5.0,1.0,200.0,0.0,200000000.0,1.0,1.0
3310,5.0,1000000.0,5.0,1.0,200.0,0.0,200000000.0,1.0,1.0
3311,5.0,1000000.0,5.0,1.0,200.0,0.0,200000000.0,1.0,1.0
3312,5.0,1000000.0,5.0,1.0,200.0,0.0,200000000.0,1.0,1.0
3313,5.0,1000000.0,5.0,1.0,200.0,0.0,200000000.0,1.0,1.0
3314,5.0,1000000.0,5.0,1.0,200.0,0.0,200000000.0,1.0,1.0
3315,5.0,1000000.0,5.0,1.0,200.0,0.0,200000000.0,1.0,1.0
3316,5.0,1000000.0,5.0,1.0,200.0,0.0,200000000.0,1.0,1.0
3317,5.0,1000000.0,5.0,1.0,200.0,0.0,200000000.0,1.0,1.0
3318,5.0,1000000.0,5.0,1.0,200.0,0.0,200000000.0,1.0,1.0
3319,5.0,1000000.0,5.0,1.0,200.0,0.0,200000000.0,1.0,1.0
3320,5.0,1000000.0,5.0,1.0,200.0,0.0,200000000.0,1.0,1.0
3321,5.0,1000000.0,5.0,1.0,200.0,0.0,200000000.0,1.0,1.0
3322,5.0,1000000.0,5.0,1.0,200.0,0.0,200000000.0,1.0,1.0
3323,5.0,1000000.0,5.0,1.0,200.0,0.0,200000000.0,1.0,1.0
3324,5.0,1000000.0,5.0,1.0,200.0,0.0,200000000.0,1.0,1.0
3325,5.0,1000000.0,5.0,1.0,200.0,0.0,200000000.0,1.0,1.0
3326,5.0,1000000.0,5.0,1.0,200.0,0.0,200000000.0,1.0,1.0
3327,5.0,1000000.0,5.0,1.0,200.0,0.0,200000000.0,1.0,1.0
3328,5.0,1000000.0,5.0,1.0,200.0,0.0,200000000.0,1.0,1.0
3329,5.0,1000000.0,5.0,1.0,200.0,0.0,200000000.0,1.0,1.0
3330,6.43,1000000.0,7.0,1.0,200.0,0.0,200000000.0,1.0,1.0
3331,7.0,1000000.0,7.0,1.0,200.0,0.0,200000000.0,1.0,1.0
3332,7.0,1000000.0,7.0,1.0,200.0,0.0,200000000.0,1.0,1.0
3333,7.0,1000000.0,7.0,1.0,200.0,0.0,200000000.0,1.0,1.0
3334,6.990049751243781,1000000.0,7.0,1.0,201.0,0.0,201000000.0,1.0,2.0
3335,5.86,1000000.0,7.0,1.0,200.0,0.0,200000000.0,1.0,1.0
3336,4.0,1000000.0,4.0,1.0,200.0,0.0,200000000.0,1.0,1.0
3337,4.0,1000000.0,4.0,1.0,200.0,0.0,200000000.0,1.0,1.0
3338,4.0049751243781095,1000000.0,5.0,1.0,201.0,0.0,201000000.0,1.0,2.0
3339,4.0,1000000.0,4.0,1.0,200.0,0.0,200000000.0,1.0,1.0
3340,4.0,1000000.0,4.0,1.0,200.0,0.0,200000000.0,1.0,1.0
3341,4.0,1000000.0,4.0,1.0,200.0,0.0,200000000.0,1.0,1.0
3342,4.0,1000000.0,4.0,1.0,200.0,0.0,200000000.0,1.0,1.0
3343,4.0,1000000.0,4.0,1.0,200.0,0.0,200000000.0,1.0,1.0
3344,4.0,1000000.0,4.0,1.0,200.0,0.0,200000000.0,1.0,1.0
3345,4.0,1000000.0,4.0,1.0,200.0,0.0,200000000.0,1.0,1.0
3346,4.0,1000000.0,4.0,1.0,200.0,0.0,200000000.0,1.0,1.0
3347,4.0,1000000.0,4.0,1.0,200.0,0.0,200000000.0,1.0,1.0
3348,4.0,1000000.0,4.0,1.0,200.0,0.0,200000000.0,1.0,1.0
3349,4.0,1000000.0,4.0,1.0,200.0,0.0,200000000.0,1.0,1.0
3350,4.0,1000000.0,4.0,1.0,200.0,0.0,200000000.0,1.0,1.0
3351,4.0,1000000.0,4.0,1.0,200.0,0.0,200000000.0,1.0,1.0
3352,4.0,1000000.0,4.0,1.0,200.0,0.0,200000000.0,1.0,1.0
3353,4.0,1000000.0,4.0,1.0,200.0,0.0,200000000.0,1.0,1.0
3354,4.0,1000000.0,4.0,1.0,200.0,0.0,200000000.0,1.0,1.0
3355,4.395,1000000.0,6.0,1.0,200.0,0.0,200000000.0,1.0,1.0
3356,5.0,1000000.0,5.0,1.0,200.0,0.0,200000000.0,1.0,1.0
3357,5.0,1000000.0,5.0,1.0,200.0,0.0,200000000.0,1.0,1.0
3358,5.0,1000000.0,5.0,1.0,200.0,0.0,200000000.0,1.0,1.0
3359,5.0049751243781095,1000000.0,6.0,1.0,201.0,0.0,201000000.0,1.0,2.0
3360,5.0,1000000.0,5.0,1.0,200.0,0.0,200000000.0,1.0,1.0
3361,5.0,1000000.0,5.0,1.0,200.0,0.0,200000000.0,1.0,1.0
3362,5.0,1000000.0,5.0,1.0,200.0,0.0,200000000.0,1.0,1.0
3363,5.0,1000000.0,5.0,1.0,200.0,0.0,200000000.0,1.0,1.0
3364,5.0,1000000.0,5.0,1.0,200.0,0.0,200000000.0,1.0,1.0
3365,5.0,1000000.0,5.0,1.0,200.0,0.0,200000000.0,1.0,1.0
3366,5.0,1000000.0,5.0,1.0,200.0,0.0,200000000.0,1.0,1.0
3367,5.0,1000000.0,5.0,1.0,200.0,0.0,200000000.0,1.0,1.0
3368,5.0,1000000.0,5.0,1.0,200.0,0.0,200000000.0,1.0,1.0
3369,5.0,1000000.0,5.0,1.0,200.0,0.0,200000000.0,1.0,1.0
3370,5.0,1000000.0,5.0,1.0,200.0,0.0,200000000.0,1.0,1.0
3371,5.0,1000000.0,5.0,1.0,200.0,0.0,200000000.0,1.0,1.0
3372,5.0,1000000.0,5.0,1.0,200.0,0.0,200000000.0,1.0,1.0
3373,5.0,1000000.0,5.0,1.0,200.0,0.0,200000000.0,1.0,1.0
3374,5.0,1000000.0,5.0,1.0,200.0,0.0,200000000.0,1.0,1.0
3375,5.0,1000000.0,5.0,1.0,200.0,0.0,200000000.0,1.0,1.0
3376,5.0,1000000.0,5.0,1.0,200.0,0.0,200000000.0,1.0,1.0
3377,5.0,1000000.0,5.0,1.0,200.0,0.0,200000000.0,1.0,1.0
3378,5.014925373134329,1000000.0,8.0,1.0,201.0,0.0,201000000.0,1.0,2.0
3379,5.0,1000000.0,5.0,1.0,200.0,0.0,200000000.0,1.0,1.0
3380,5.014925373134329,1000000.0,8.0,1.0,201.0,0.0,201000000.0,1.0,2.0
3381,5.0,1000000.0,5.0,1.0,200.0,0.0,200000000.0,1.0,1.0
3382,5.0,1000000.0,5.0,1.0,200.0,0.0,200000000.0,1.0,1.0
3383,5.0,1000000.0,5.0,1.0,200.0,0.0,200000000.0,1.0,1.0
3384,5.0,1000000.0,5.0,1.0,200.0,0.0,200000000.0,1.0,1.0
3385,5.014925373134329,1000000.0,8.0,1.0,201.0,0.0,201000000.0,1.0,2.0
3386,5.0,1000000.0,5.0,1.0,200.0,0.0,200000000.0,1.0,1.0
3387,5.0,1000000.0,5.0,1.0,200.0,0.0,200000000.0,1.0,1.0
3388,5.0,1000000.0,5.0,1.0,200.0,0.0,200000000.0,1.0,1.0
3389,5.0,1000000.0,5.0,1.0,200.0,0.0,200000000.0,1.0,1.0
3390,5.0,1000000.0,5.0,1.0,200.0,0.0,200000000.0,1.0,1.0
3391,5.0,1000000.0,5.0,1.0,200.0,0.0,200000000.0,1.0,1.0
3392,5.0,1000000.0,5.0,1.0,200.0,0.0,200000000.0,1.0,1.0
3393,5.0,1000000.0,5.0,1.0,200.0,0.0,200000000.0,1.0,1.0
3394,5.0,1000000.0,5.0,1.0,200.0,0.0,200000000.0,1.0,1.0
3395,5.0,1000000.0,5.0,1.0,200.0,0.0,200000000.0,1.0,1.0
3396,5.0,1000000.0,5.0,1.0,200.0,0.0,200000000.0,1.0,1.0
3397,5.0,1000000.0,5.0,1.0,200.0,0.0,200000000.0,1.0,1.0
3398,5.0,1000000.0,5.0,1.0,200.0,0.0,200000000.0,1.0,1.0
3399,5.0,1000000.0,5.0,1.0,200.0,0.0,200000000.0,1.0,1.0
3400,5.0,1000000.0,5.0,1.0,200.0,0.0,200000000.0,1.0,1.0
3401,5.0,1000000.0,5.0,1.0,200.0,0.0,200000000.0,1.0,1.0
3402,5.0,1000000.0,5.0,1.0,200.0,0.0,200000000.0,1.0,1.0
3403,5.0,1000000.0,5.0,1.0,200.0,0.0,200000000.0,1.0,1.0
3404,5.0049751243781095,1000000.0,6.0,1.0,201.0,0.0,201000000.0,1.0,2.0
3405,5.0,1000000.0,5.0,1.0,200.0,0.0,200000000.0,1.0,1.0
3406,5.08,1000000.0,7.0,1.0,200.0,0.0,200000000.0,1.0,1.0
3407,6.14,1000000.0,7.0,1.0,200.0,0.0,200000000.0,1.0,1.0
3408,6.9950248756218905,1000000.0,7.0,1.0,201.0,0.0,201000000.0,1.0,2.0
3409,7.0,1000000.0,7.0,1.0,200.0,0.0,200000000.0,1.0,1.0
3410,7.0,1000000.0,7.0,1.0,200.0,0.0,200000000.0,1.0,1.0
3411,7.0,1000000.0,7.0,1.0,200.0,0.0,200000000.0,1.0,1.0
3412,7.0,1000000.0,7.0,1.0,200.0,0.0,200000000.0,1.0,1.0
3413,7.0,1000000.0,7.0,1.0,200.0,0.0,200000000.0,1.0,1.0
3414,7.0,1000000.0,7.0,1.0,200.0,0.0,200000000.0,1.0,1.0
3415,7.0,1000000.0,7.0,1.0,200.0,0.0,200000000.0,1.0,1.0
3416,7.0,1000000.0,7.0,1.0,200.0,0.0,200000000.0,1.0,1.0
3417,7.0,1000000.0,7.0,1.0,200.0,0.0,200000000.0,1.0,1.0
3418,7.0,1000000.0,7.0,1.0,200.0,0.0,200000000.0,1.0,1.0
3419,7.0,1000000.0,7.0,1.0,200.0,0.0,200000000.0,1.0,1.0
3420,7.0,1000000.0,7.0,1.0,200.0,0.0,200000000.0,1.0,1.0
3421,7.0,1000000.0,7.0,1.0,200.0,0.0,200000000.0,1.0,1.0
3422,7.0,1000000.0,7.0,1.0,200.0,0.0,200000000.0,1.0,1.0
3423,7.0,1000000.0,7.0,1.0,200.0,0.0,200000000.0,1.0,1.0
3424,7.0,1000000.0,7.0,1.0,200.0,0.0,200000000.0,1.0,1.0
3425,7.0,1000000.0,7.0,1.0,200.0,0.0,200000000.0,1.0,1.0
3426,7.0,1000000.0,7.0,1.0,200.0,0.0,200000000.0,1.0,1.0
3427,7.0,1000000.0,7.0,1.0,200.0,0.0,200000000.0,1.0,1.0
3428,7.0,1000000.0,7.0,1.0,200.0,0.0,200000000.0,1.0,1.0
3429,7.0,1000000.0,7.0,1.0,200.0,0.0,200000000.0,1.0,1.0
3430,6.9950248756218905,1000000.0,7.0,1.0,201.0,0.0,201000000.0,1.0,2.0
3431,5.875,1000000.0,7.0,1.0,200.0,0.0,200000000.0,1.0,1.0
3432,5.0,1000000.0,5.0,1.0,200.0,0.0,200000000.0,1.0,1.0
3433,5.0,1000000.0,5.0,1.0,200.0,0.0,200000000.0,1.0,1.0
3434,5.0,1000000.0,5.0,1.0,200.0,0.0,200000000.0,1.0,1.0
3435,5.0,1000000.0,5.0,1.0,200.0,0.0,200000000.0,1.0,1.0
3436,5.0,1000000.0,5.0,1.0,200.0,0.0,200000000.0,1.0,1.0
3437,5.0,1000000.0,5.0,1.0,200.0,0.0,200000000.0,1.0,1.0
3438,5.0,1000000.0,5.0,1.0,200.0,0.0,200000000.0,1.0,1.0
3439,5.0,1000000.0,5.0,1.0,200.0,0.0,200000000.0,1.0,1.0
3440,5.0,1000000.0,5.0,1.0,200.0,0.0,200000000.0,1.0,1.0
3441,5.0,1000000.0,5.0,1.0,200.0,0.0,200000000.0,1.0,1.0
3442,5.0,1000000.0,5.0,1.0,200.0,0.0,200000000.0,1.0,1.0
3443,5.0,1000000.0,5.0,1.0,200.0,0.0,200000000.0,1.0,1.0
3444,5.0,1000000.0,5.0,1.0,200.0,0.0,200000000.0,1.0,1.0
3445,5.0,1000000.0,5.0,1.0,200.0,0.0,200000000.0,1.0,1.0
3446,5.0,1000000.0,5.0,1.0,200.0,0.0,200000000.0,1.0,1.0
3447,5.0,1000000.0,5.0,1.0,200.0,0.0,200000000.0,1.0,1.0
3448,5.0,1000000.0,5.0,1.0,200.0,0.0,200000000.0,1.0,1.0
3449,5.0,1000000.0,5.0,1.0,200.0,0.0,200000000.0,1.0,1.0
3450,5.0,1000000.0,5.0,1.0,200.0,0.0,200000000.0,1.0,1.0
3451,5.0,1000000.0,5.0,1.0,200.0,0.0,200000000.0,1.0,1.0
3452,5.0,1000000.0,5.0,1.0,200.0,0.0,200000000.0,1.0,1.0
3453,5.0,1000000.0,5.0,1.0,200.0,0.0,200000000.0,1.0,1.0
3454,5.0,1000000.0,5.0,1.0,200.0,0.0,200000000.0,1.0,1.0
3455,5.0,1000000.0,5.0,1.0,200.0,0.0,200000000.0,1.0,1.0
3456,5.0,1000000.0,5.0,1.0,200.0,0.0,200000000.0,1.0,1.0
3457,5.0,1000000.0,5.0,1.0,200.0,0.0,200000000.0,1.0,1.0
3458,5.019900497512438,1000000.0,9.0,1.0,201.0,0.0,201000000.0,1.0,2.0
3459,5.0,1000000.0,5.0,1.0,200.0,0.0,200000000.0,1.0,1.0
3460,5.0,1000000.0,5.0,1.0,200.0,0.0,200000000.0,1.0,1.0
3461,5.0,1000000.0,5.0,1.0,200.0,0.0,200000000.0,1.0,1.0
3462,5.0,1000000.0,5.0,1.0,200.0,0.0,200000000.0,1.0,1.0
3463,5.0,1000000.0,5.0,1.0,200.0,0.0,200000000.0,1.0,1.0
3464,5.0,1000000.0,5.0,1.0,200.0,0.0,200000000.0,1.0,1.0
3465,5.0,1000000.0,5.0,1.0,200.0,0.0,200000000.0,1.0,1.0
3466,5.0,1000000.0,5.0,1.0,200.0,0.0,200000000.0,1.0,1.0
3467,5.0,1000000.0,5.0,1.0,200.0,0.0,200000000.0,1.0,1.0
3468,5.0,1000000.0,5.0,1.0,200.0,0.0,200000000.0,1.0,1.0
3469,5.019900497512438,1000000.0,9.0,1.0,201.0,0.0,201000000.0,1.0,2.0
3470,5.0,1000000.0,5.0,1.0,200.0,0.0,200000000.0,1.0,1.0
3471,5.0,1000000.0,5.0,1.0,200.0,0.0,200000000.0,1.0,1.0
3472,5.0,1000000.0,5.0,1.0,200.0,0.0,200000000.0,1.0,1.0
3473,5.0,1000000.0,5.0,1.0,200.0,0.0,200000000.0,1.0,1.0
3474,5.0,1000000.0,5.0,1.0,200.0,0.0,200000000.0,1.0,1.0
3475,5.0,1000000.0,5.0,1.0,200.0,0.0,200000000.0,1.0,1.0
3476,5.0,1000000.0,5.0,1.0,200.0,0.0,200000000.0,1.0,1.0
3477,5.0,1000000.0,5.0,1.0,200.0,0.0,200000000.0,1.0,1.0
3478,5.0,1000000.0,5.0,1.0,200.0,0.0,200000000.0,1.0,1.0
3479,5.0,1000000.0,5.0,1.0,200.0,0.0,200000000.0,1.0,1.0
3480,5.0,1000000.0,5.0,1.0,200.0,0.0,200000000.0,1.0,1.0
3481,5.0,1000000.0,5.0,1.0,200.0,0.0,200000000.0,1.0,1.0
3482,4.975,1000000.0,6.0,1.0,200.0,0.0,200000000.0,1.0,1.0
3483,5.0,1000000.0,5.0,1.0,200.0,0.0,200000000.0,1.0,1.0
3484,5.0,1000000.0,5.0,1.0,200.0,0.0,200000000.0,1.0,1.0
3485,5.0,1000000.0,5.0,1.0,200.0,0.0,200000000.0,1.0,1.0
3486,5.0,1000000.0,5.0,1.0,200.0,0.0,200000000.0,1.0,1.0
3487,5.0,1000000.0,5.0,1.0,200.0,0.0,200000000.0,1.0,1.0
3488,5.0,1000000.0,5.0,1.0,200.0,0.0,200000000.0,1.0,1.0
3489,5.0,1000000.0,5.0,1.0,200.0,0.0,200000000.0,1.0,1.0
3490,5.0,1000000.0,5.0,1.0,200.0,0.0,200000000.0,1.0,1.0
3491,5.0,1000000.0,5.0,1.0,200.0,0.0,200000000.0,1.0,1.0
3492,5.0,1000000.0,5.0,1.0,200.0,0.0,200000000.0,1.0,1.0
3493,5.0,1000000.0,5.0,1.0,200.0,0.0,200000000.0,1.0,1.0
3494,5.0,1000000.0,5.0,1.0,200.0,0.0,200000000.0,1.0,1.0
3495,5.0049751243781095,1000000.0,6.0,1.0,201.0,0.0,201000000.0,1.0,2.0
3496,5.0,1000000.0,5.0,1.0,200.0,0.0,200000000.0,1.0,1.0
3497,5.0,1000000.0,5.0,1.0,200.0,0.0,200000000.0,1.0,1.0
3498,5.0,1000000.0,5.0,1.0,200.0,0.0,200000000.0,1.0,1.0
3499,5.0,1000000.0,5.0,1.0,200.0,0.0,200000000.0,1.0,1.0
3500,5.0,1000000.0,5.0,1.0,200.0,0.0,200000000.0,1.0,1.0
3501,5.0,1000000.0,5.0,1.0,200.0,0.0,200000000.0,1.0,1.0
3502,5.0,1000000.0,5.0,1.0,200.0,0.0,200000000.0,1.0,1.0
3503,5.0,1000000.0,5.0,1.0,200.0,0.0,200000000.0,1.0,1.0
3504,5.0,1000000.0,5.0,1.0,200.0,0.0,200000000.0,1.0,1.0
3505,5.0,1000000.0,5.0,1.0,200.0,0.0,200000000.0,1.0,1.0
3506,5.0,1000000.0,5.0,1.0,200.0,0.0,200000000.0,1.0,1.0
3507,5.02,1000000.0,6.0,1.0,200.0,0.0,200000000.0,1.0,1.0
3508,5.0,1000000.0,5.0,1.0,200.0,0.0,200000000.0,1.0,1.0
3509,5.0,1000000.0,5.0,1.0,200.0,0.0,200000000.0,1.0,1.0
3510,5.0,1000000.0,5.0,1.0,200.0,0.0,200000000.0,1.0,1.0
3511,5.0,1000000.0,5.0,1.0,200.0,0.0,200000000.0,1.0,1.0
3512,5.0,1000000.0,5.0,1.0,200.0,0.0,200000000.0,1.0,1.0
3513,5.0,1000000.0,5.0,1.0,200.0,0.0,200000000.0,1.0,1.0
3514,5.0,1000000.0,5.0,1.0,200.0,0.0,200000000.0,1.0,1.0
3515,5.0,1000000.0,5.0,1.0,200.0,0.0,200000000.0,1.0,1.0
3516,5.0,1000000.0,5.0,1.0,200.0,0.0,200000000.0,1.0,1.0
3517,5.0,1000000.0,5.0,1.0,200.0,0.0,200000000.0,1.0,1.0
3518,5.0,1000000.0,5.0,1.0,200.0,0.0,200000000.0,1.0,1.0
3519,5.0,1000000.0,5.0,1.0,200.0,0.0,200000000.0,1.0,1.0
3520,5.0,1000000.0,5.0,1.0,200.0,0.0,200000000.0,1.0,1.0
3521,5.0,1000000.0,5.0,1.0,200.0,0.0,200000000.0,1.0,1.0
3522,5.0,1000000.0,5.0,1.0,200.0,0.0,200000000.0,1.0,1.0
3523,5.0,1000000.0,5.0,1.0,200.0,0.0,200000000.0,1.0,1.0
3524,5.0,1000000.0,5.0,1.0,200.0,0.0,200000000.0,1.0,1.0
3525,5.0,1000000.0,5.0,1.0,200.0,0.0,200000000.0,1.0,1.0
3526,5.0,1000000.0,5.0,1.0,200.0,0.0,200000000.0,1.0,1.0
3527,5.0,1000000.0,5.0,1.0,200.0,0.0,200000000.0,1.0,1.0
3528,5.0,1000000.0,5.0,1.0,200.0,0.0,200000000.0,1.0,1.0
3529,5.019900497512438,1000000.0,9.0,1.0,201.0,0.0,201000000.0,1.0,2.0
3530,5.0,1000000.0,5.0,1.0,200.0,0.0,200000000.0,1.0,1.0
3531,5.0,1000000.0,5.0,1.0,200.0,0.0,200000000.0,1.0,1.0
3532,5.0,1000000.0,5.0,1.0,200.0,0.0,200000000.0,1.0,1.0
3533,5.0,1000000.0,5.0,1.0,200.0,0.0,200000000.0,1.0,1.0
3534,5.0,1000000.0,5.0,1.0,200.0,0.0,200000000.0,1.0,1.0
3535,5.0,1000000.0,5.0,1.0,200.0,0.0,200000000.0,1.0,1.0
3536,5.0,1000000.0,5.0,1.0,200.0,0.0,200000000.0,1.0,1.0
3537,5.0,1000000.0,5.0,1.0,200.0,0.0,200000000.0,1.0,1.0
3538,5.0,1000000.0,5.0,1.0,200.0,0.0,200000000.0,1.0,1.0
3539,5.0,1000000.0,5.0,1.0,200.0,0.0,200000000.0,1.0,1.0
3540,5.0,1000000.0,5.0,1.0,200.0,0.0,200000000.0,1.0,1.0
3541,5.0,1000000.0,5.0,1.0,200.0,0.0,200000000.0,1.0,1.0
3542,5.0,1000000.0,5.0,1.0,200.0,0.0,200000000.0,1.0,1.0
3543,5.024875621890548,1000000.0,10.0,1.0,201.0,0.0,201000000.0,1.0,2.0
3544,5.0,1000000.0,5.0,1.0,200.0,0.0,200000000.0,1.0,1.0
3545,5.0,1000000.0,5.0,1.0,200.0,0.0,200000000.0,1.0,1.0
3546,5.0,1000000.0,5.0,1.0,200.0,0.0,200000000.0,1.0,1.0
3547,5.0,1000000.0,5.0,1.0,200.0,0.0,200000000.0,1.0,1.0
3548,5.0,1000000.0,5.0,1.0,200.0,0.0,200000000.0,1.0,1.0
3549,5.0,1000000.0,5.0,1.0,200.0,0.0,200000000.0,1.0,1.0
3550,5.0,1000000.0,5.0,1.0,200.0,0.0,200000000.0,1.0,1.0
3551,5.0,1000000.0,5.0,1.0,200.0,0.0,200000000.0,1.0,1.0
3552,4.9950248756218905,1000000.0,5.0,1.0,201.0,0.0,201000000.0,1.0,2.0
3553,5.0,1000000.0,5.0,1.0,200.0,0.0,200000000.0,1.0,1.0
3554,5.0,1000000.0,5.0,1.0,200.0,0.0,200000000.0,1.0,1.0
3555,5.0,1000000.0,5.0,1.0,200.0,0.0,200000000.0,1.0,1.0
3556,6.66,1000000.0,7.0,1.0,200.0,0.0,200000000.0,1.0,1.0
3557,6.985074626865671,1000000.0,7.0,1.0,201.0,0.0,201000000.0,1.0,2.0
3558,5.72,1000000.0,7.0,1.0,200.0,0.0,200000000.0,1.0,1.0
3559,5.0,1000000.0,5.0,1.0,200.0,0.0,200000000.0,1.0,1.0
3560,5.0,1000000.0,5.0,1.0,200.0,0.0,200000000.0,1.0,1.0
3561,5.0,1000000.0,5.0,1.0,200.0,0.0,200000000.0,1.0,1.0
3562,5.0,1000000.0,5.0,1.0,200.0,0.0,200000000.0,1.0,1.0
3563,5.6,1000000.0,7.0,1.0,200.0,0.0,200000000.0,1.0,1.0
3564,7.0,1000000.0,7.0,1.0,200.0,0.0,200000000.0,1.0,1.0
3565,7.0,1000000.0,7.0,1.0,200.0,0.0,200000000.0,1.0,1.0
3566,7.0,1000000.0,7.0,1.0,200.0,0.0,200000000.0,1.0,1.0
3567,7.0,1000000.0,7.0,1.0,200.0,0.0,200000000.0,1.0,1.0
3568,7.0,1000000.0,7.0,1.0,200.0,0.0,200000000.0,1.0,1.0
3569,4.78,1000000.0,7.0,1.0,200.0,0.0,200000000.0,1.0,1.0
3570,4.009950248756219,1000000.0,6.0,1.0,201.0,0.0,201000000.0,1.0,2.0
3571,4.0,1000000.0,4.0,1.0,200.0,0.0,200000000.0,1.0,1.0
3572,4.0,1000000.0,4.0,1.0,200.0,0.0,200000000.0,1.0,1.0
3573,5.3,1000000.0,7.0,1.0,200.0,0.0,200000000.0,1.0,1.0
3574,7.0,1000000.0,7.0,1.0,200.0,0.0,200000000.0,1.0,1.0
3575,7.0,1000000.0,7.0,1.0,200.0,0.0,200000000.0,1.0,1.0
3576,7.0,1000000.0,7.0,1.0,200.0,0.0,200000000.0,1.0,1.0
3577,7.0,1000000.0,7.0,1.0,200.0,0.0,200000000.0,1.0,1.0
3578,7.0,1000000.0,7.0,1.0,200.0,0.0,200000000.0,1.0,1.0
3579,5.64,1000000.0,7.0,1.0,200.0,0.0,200000000.0,1.0,1.0
3580,5.0,1000000.0,5.0,1.0,200.0,0.0,200000000.0,1.0,1.0
3581,4.9950248756218905,1000000.0,5.0,1.0,201.0,0.0,201000000.0,1.0,2.0
3582,5.0,1000000.0,5.0,1.0,200.0,0.0,200000000.0,1.0,1.0
3583,5.675,1000000.0,7.0,1.0,200.0,0.0,200000000.0,1.0,1.0
3584,7.0,1000000.0,7.0,1.0,200.0,0.0,200000000.0,1.0,1.0
3585,7.0,1000000.0,7.0,1.0,200.0,0.0,200000000.0,1.0,1.0
3586,7.0,1000000.0,7.0,1.0,200.0,0.0,200000000.0,1.0,1.0
3587,7.0,1000000.0,7.0,1.0,200.0,0.0,200000000.0,1.0,1.0
3588,7.0,1000000.0,7.0,1.0,200.0,0.0,200000000.0,1.0,1.0
3589,7.0,1000000.0,7.0,1.0,200.0,0.0,200000000.0,1.0,1.0
3590,7.0,1000000.0,7.0,1.0,200.0,0.0,200000000.0,1.0,1.0
3591,7.009950248756219,1000000.0,9.0,1.0,201.0,0.0,201000000.0,1.0,2.0
3592,7.0,1000000.0,7.0,1.0,200.0,0.0,200000000.0,1.0,1.0
3593,7.0,1000000.0,7.0,1.0,200.0,0.0,200000000.0,1.0,1.0
3594,7.0,1000000.0,7.0,1.0,200.0,0.0,200000000.0,1.0,1.0
3595,7.0,1000000.0,7.0,1.0,200.0,0.0,200000000.0,1.0,1.0
3596,7.0,1000000.0,7.0,1.0,200.0,0.0,200000000.0,1.0,1.0
3597,7.0,1000000.0,7.0,1.0,200.0,0.0,200000000.0,1.0,1.0
3598,7.0,1000000.0,7.0,1.0,200.0,0.0,200000000.0,1.0,1.0
3599,7.0,1000000.0,7.0,1.0,200.0,0.0,200000000.0,1.0,1.0
3600,7.0,1000000.0,7.0,1.0,200.0,0.0,200000000.0,1.0,1.0
3601,7.0,1000000.0,7.0,1.0,200.0,0.0,200000000.0,1.0,1.0
3602,7.0,1000000.0,7.0,1.0,200.0,0.0,200000000.0,1.0,1.0
3603,7.01,1000000.0,9.0,1.0,200.0,0.0,200000000.0,1.0,2.0
3604,7.0,1000000.0,7.0,1.0,201.0,0.0,201000000.0,1.0,1.0
3605,7.0,1000000.0,7.0,1.0,200.0,0.0,200000000.0,1.0,1.0
3606,7.0,1000000.0,7.0,1.0,200.0,0.0,200000000.0,1.0,1.0
3607,7.0,1000000.0,7.0,1.0,200.0,0.0,200000000.0,1.0,1.0
3608,7.0,1000000.0,7.0,1.0,200.0,0.0,200000000.0,1.0,1.0
3609,7.0,1000000.0,7.0,1.0,200.0,0.0,200000000.0,1.0,1.0
3610,7.0,1000000.0,7.0,1.0,200.0,0.0,200000000.0,1.0,1.0
3611,7.0,1000000.0,7.0,1.0,200.0,0.0,200000000.0,1.0,1.0
3612,7.0,1000000.0,7.0,1.0,200.0,0.0,200000000.0,1.0,1.0
3613,7.0,1000000.0,7.0,1.0,200.0,0.0,200000000.0,1.0,1.0
3614,7.0,1000000.0,7.0,1.0,200.0,0.0,200000000.0,1.0,1.0
3615,7.014925373134329,1000000.0,10.0,1.0,201.0,0.0,201000000.0,1.0,2.0
3616,7.0,1000000.0,7.0,1.0,200.0,0.0,200000000.0,1.0,1.0
3617,7.0,1000000.0,7.0,1.0,200.0,0.0,200000000.0,1.0,1.0
3618,7.0,1000000.0,7.0,1.0,200.0,0.0,200000000.0,1.0,1.0
3619,7.0,1000000.0,7.0,1.0,200.0,0.0,200000000.0,1.0,1.0
3620,7.0,1000000.0,7.0,1.0,200.0,0.0,200000000.0,1.0,1.0
3621,7.0,1000000.0,7.0,1.0,200.0,0.0,200000000.0,1.0,1.0
3622,7.0,1000000.0,7.0,1.0,200.0,0.0,200000000.0,1.0,1.0
3623,7.0,1000000.0,7.0,1.0,200.0,0.0,200000000.0,1.0,1.0
3624,7.0,1000000.0,7.0,1.0,200.0,0.0,200000000.0,1.0,1.0
3625,7.0,1000000.0,7.0,1.0,200.0,0.0,200000000.0,1.0,1.0
3626,7.0,1000000.0,7.0,1.0,200.0,0.0,200000000.0,1.0,1.0
3627,7.0,1000000.0,7.0,1.0,200.0,0.0,200000000.0,1.0,1.0
3628,6.985074626865671,1000000.0,7.0,1.0,201.0,0.0,201000000.0,1.0,2.0
3629,7.0,1000000.0,7.0,1.0,200.0,0.0,200000000.0,1.0,1.0
3630,7.0,1000000.0,7.0,1.0,200.0,0.0,200000000.0,1.0,1.0
3631,7.0,1000000.0,7.0,1.0,200.0,0.0,200000000.0,1.0,1.0
3632,7.0,1000000.0,7.0,1.0,200.0,0.0,200000000.0,1.0,1.0
3633,7.0,1000000.0,7.0,1.0,200.0,0.0,200000000.0,1.0,1.0
3634,5.24,1000000.0,7.0,1.0,200.0,0.0,200000000.0,1.0,1.0
3635,4.0,1000000.0,4.0,1.0,200.0,0.0,200000000.0,1.0,1.0
3636,4.0,1000000.0,4.0,1.0,200.0,0.0,200000000.0,1.0,1.0
3637,4.0,1000000.0,4.0,1.0,200.0,0.0,200000000.0,1.0,1.0
3638,4.0,1000000.0,4.0,1.0,200.0,0.0,200000000.0,1.0,1.0
3639,4.0,1000000.0,4.0,1.0,200.0,0.0,200000000.0,1.0,1.0
3640,4.0,1000000.0,4.0,1.0,200.0,0.0,200000000.0,1.0,1.0
3641,4.0,1000000.0,4.0,1.0,200.0,0.0,200000000.0,1.0,1.0
3642,4.0,1000000.0,4.0,1.0,200.0,0.0,200000000.0,1.0,1.0
3643,4.0,1000000.0,4.0,1.0,200.0,0.0,200000000.0,1.0,1.0
3644,4.0049751243781095,1000000.0,5.0,1.0,201.0,0.0,201000000.0,1.0,2.0
3645,4.0,1000000.0,4.0,1.0,200.0,0.0,200000000.0,1.0,1.0
3646,4.0,1000000.0,4.0,1.0,200.0,0.0,200000000.0,1.0,1.0
3647,4.0,1000000.0,4.0,1.0,200.0,0.0,200000000.0,1.0,1.0
3648,4.0,1000000.0,4.0,1.0,200.0,0.0,200000000.0,1.0,1.0
3649,4.83,1000000.0,5.0,1.0,200.0,0.0,200000000.0,1.0,1.0
3650,5.0,1000000.0,5.0,1.0,200.0,0.0,200000000.0,1.0,1.0
3651,5.0,1000000.0,5.0,1.0,200.0,0.0,200000000.0,1.0,1.0
3652,5.0,1000000.0,5.0,1.0,200.0,0.0,200000000.0,1.0,1.0
3653,5.0,1000000.0,5.0,1.0,200.0,0.0,200000000.0,1.0,1.0
3654,5.0,1000000.0,5.0,1.0,200.0,0.0,200000000.0,1.0,1.0
3655,5.0,1000000.0,5.0,1.0,200.0,0.0,200000000.0,1.0,1.0
3656,5.0,1000000.0,5.0,1.0,200.0,0.0,200000000.0,1.0,1.0
3657,5.0,1000000.0,5.0,1.0,200.0,0.0,200000000.0,1.0,1.0
3658,5.0,1000000.0,5.0,1.0,200.0,0.0,200000000.0,1.0,1.0
3659,5.045,1000000.0,6.0,1.0,200.0,0.0,200000000.0,1.0,1.0
3660,6.0,1000000.0,6.0,1.0,200.0,0.0,200000000.0,1.0,1.0
3661,6.0,1000000.0,6.0,1.0,200.0,0.0,200000000.0,1.0,1.0
3662,6.0,1000000.0,6.0,1.0,200.0,0.0,200000000.0,1.0,1.0
3663,6.0,1000000.0,6.0,1.0,200.0,0.0,200000000.0,1.0,1.0
3664,6.0,1000000.0,6.0,1.0,200.0,0.0,200000000.0,1.0,1.0
3665,6.0,1000000.0,6.0,1.0,200.0,0.0,200000000.0,1.0,1.0
3666,6.0,1000000.0,6.0,1.0,200.0,0.0,200000000.0,1.0,1.0
3667,6.0,1000000.0,6.0,1.0,200.0,0.0,200000000.0,1.0,1.0
3668,6.0,1000000.0,6.0,1.0,200.0,0.0,200000000.0,1.0,1.0
3669,6.0,1000000.0,6.0,1.0,200.0,0.0,200000000.0,1.0,1.0
3670,6.0,1000000.0,6.0,1.0,200.0,0.0,200000000.0,1.0,1.0
3671,6.0,1000000.0,6.0,1.0,200.0,0.0,200000000.0,1.0,1.0
3672,6.0,1000000.0,6.0,1.0,200.0,0.0,200000000.0,1.0,1.0
3673,6.0,1000000.0,6.0,1.0,200.0,0.0,200000000.0,1.0,1.0
3674,6.0,1000000.0,6.0,1.0,200.0,0.0,200000000.0,1.0,1.0
3675,6.0,1000000.0,6.0,1.0,200.0,0.0,200000000.0,1.0,1.0
3676,6.0,1000000.0,6.0,1.0,200.0,0.0,200000000.0,1.0,1.0
3677,6.0,1000000.0,6.0,1.0,200.0,0.0,200000000.0,1.0,1.0
3678,6.0,1000000.0,6.0,1.0,200.0,0.0,200000000.0,1.0,1.0
3679,6.0,1000000.0,6.0,1.0,200.0,0.0,200000000.0,1.0,1.0
3680,6.0,1000000.0,6.0,1.0,200.0,0.0,200000000.0,1.0,1.0
3681,6.0,1000000.0,6.0,1.0,200.0,0.0,200000000.0,1.0,1.0
3682,6.0,1000000.0,6.0,1.0,200.0,0.0,200000000.0,1.0,1.0
3683,6.0,1000000.0,6.0,1.0,200.0,0.0,200000000.0,1.0,1.0
3684,6.0,1000000.0,6.0,1.0,200.0,0.0,200000000.0,1.0,1.0
3685,6.0,1000000.0,6.0,1.0,200.0,0.0,200000000.0,1.0,1.0
3686,6.0,1000000.0,6.0,1.0,200.0,0.0,200000000.0,1.0,1.0
3687,6.0,1000000.0,6.0,1.0,200.0,0.0,200000000.0,1.0,1.0
3688,6.0,1000000.0,6.0,1.0,200.0,0.0,200000000.0,1.0,1.0
3689,6.0,1000000.0,6.0,1.0,200.0,0.0,200000000.0,1.0,1.0
3690,6.0,1000000.0,6.0,1.0,200.0,0.0,200000000.0,1.0,1.0
3691,6.0,1000000.0,6.0,1.0,200.0,0.0,200000000.0,1.0,1.0
3692,6.0,1000000.0,6.0,1.0,200.0,0.0,200000000.0,1.0,1.0
3693,6.0,1000000.0,6.0,1.0,200.0,0.0,200000000.0,1.0,1.0
3694,6.0,1000000.0,6.0,1.0,200.0,0.0,200000000.0,1.0,1.0
3695,6.0,1000000.0,6.0,1.0,200.0,0.0,200000000.0,1.0,1.0
3696,6.0,1000000.0,6.0,1.0,200.0,0.0,200000000.0,1.0,1.0
3697,6.0,1000000.0,6.0,1.0,200.0,0.0,200000000.0,1.0,1.0
3698,6.0,1000000.0,6.0,1.0,200.0,0.0,200000000.0,1.0,1.0
3699,6.0,1000000.0,6.0,1.0,200.0,0.0,200000000.0,1.0,1.0
3700,6.0,1000000.0,6.0,1.0,200.0,0.0,200000000.0,1.0,1.0
3701,6.0,1000000.0,6.0,1.0,200.0,0.0,200000000.0,1.0,1.0
3702,6.0,1000000.0,6.0,1.0,200.0,0.0,200000000.0,1.0,1.0
3703,6.0,1000000.0,6.0,1.0,200.0,0.0,200000000.0,1.0,1.0
3704,6.0,1000000.0,6.0,1.0,200.0,0.0,200000000.0,1.0,1.0
3705,6.0,1000000.0,6.0,1.0,200.0,0.0,200000000.0,1.0,1.0
3706,6.0,1000000.0,6.0,1.0,200.0,0.0,200000000.0,1.0,1.0
3707,6.0,1000000.0,6.0,1.0,200.0,0.0,200000000.0,1.0,1.0
3708,6.0,1000000.0,6.0,1.0,200.0,0.0,200000000.0,1.0,1.0
3709,6.0,1000000.0,6.0,1.0,200.0,0.0,200000000.0,1.0,1.0
3710,5.405,1000000.0,7.0,1.0,200.0,0.0,200000000.0,1.0,1.0
3711,5.0,1000000.0,5.0,1.0,200.0,0.0,200000000.0,1.0,1.0
3712,6.28,1000000.0,7.0,1.0,200.0,0.0,200000000.0,1.0,1.0
3713,7.0,1000000.0,7.0,1.0,200.0,0.0,200000000.0,1.0,1.0
3714,7.0,1000000.0,7.0,1.0,200.0,0.0,200000000.0,1.0,1.0
3715,6.6,1000000.0,7.0,1.0,200.0,0.0,200000000.0,1.0,1.0
3716,5.0,1000000.0,5.0,1.0,200.0,0.0,200000000.0,1.0,1.0
3717,5.0,1000000.0,5.0,1.0,200.0,0.0,200000000.0,1.0,1.0
3718,5.0,1000000.0,5.0,1.0,200.0,0.0,200000000.0,1.0,1.0
3719,5.0,1000000.0,5.0,1.0,200.0,0.0,200000000.0,1.0,1.0
3720,5.0,1000000.0,5.0,1.0,200.0,0.0,200000000.0,1.0,1.0
3721,5.0,1000000.0,5.0,1.0,200.0,0.0,200000000.0,1.0,1.0
3722,5.0,1000000.0,5.0,1.0,200.0,0.0,200000000.0,1.0,1.0
3723,5.0,1000000.0,5.0,1.0,200.0,0.0,200000000.0,1.0,1.0
3724,6.33,1000000.0,7.0,1.0,200.0,0.0,200000000.0,1.0,1.0
3725,7.0,1000000.0,7.0,1.0,200.0,0.0,200000000.0,1.0,1.0
3726,7.0,1000000.0,7.0,1.0,200.0,0.0,200000000.0,1.0,1.0
3727,7.0,1000000.0,7.0,1.0,200.0,0.0,200000000.0,1.0,1.0
3728,7.0,1000000.0,7.0,1.0,200.0,0.0,200000000.0,1.0,1.0
3729,7.0,1000000.0,7.0,1.0,200.0,0.0,200000000.0,1.0,1.0
3730,7.0,1000000.0,7.0,1.0,200.0,0.0,200000000.0,1.0,1.0
3731,7.0,1000000.0,7.0,1.0,200.0,0.0,200000000.0,1.0,1.0
3732,7.0,1000000.0,7.0,1.0,200.0,0.0,200000000.0,1.0,1.0
3733,7.0,1000000.0,7.0,1.0,200.0,0.0,200000000.0,1.0,1.0
3734,7.0,1000000.0,7.0,1.0,200.0,0.0,200000000.0,1.0,1.0
3735,6.517412935323383,1000000.0,7.0,1.0,201.0,0.0,201000000.0,1.0,2.0
3736,5.0,1000000.0,5.0,1.0,200.0,0.0,200000000.0,1.0,1.0
3737,5.0,1000000.0,5.0,1.0,200.0,0.0,200000000.0,1.0,1.0
3738,5.0,1000000.0,5.0,1.0,200.0,0.0,200000000.0,1.0,1.0
3739,5.0,1000000.0,5.0,1.0,200.0,0.0,200000000.0,1.0,1.0
3740,5.0,1000000.0,5.0,1.0,200.0,0.0,200000000.0,1.0,1.0
3741,5.0,1000000.0,5.0,1.0,200.0,0.0,200000000.0,1.0,1.0
3742,5.019900497512438,1000000.0,9.0,1.0,201.0,0.0,201000000.0,1.0,2.0
3743,5.0,1000000.0,5.0,1.0,200.0,0.0,200000000.0,1.0,1.0
3744,5.0,1000000.0,5.0,1.0,200.0,0.0,200000000.0,1.0,1.0
3745,5.0,1000000.0,5.0,1.0,200.0,0.0,200000000.0,1.0,1.0
3746,5.0,1000000.0,5.0,1.0,200.0,0.0,200000000.0,1.0,1.0
3747,5.0,1000000.0,5.0,1.0,200.0,0.0,200000000.0,1.0,1.0
3748,5.0,1000000.0,5.0,1.0,200.0,0.0,200000000.0,1.0,1.0
3749,5.0,1000000.0,5.0,1.0,200.0,0.0,200000000.0,1.0,1.0
3750,5.0,1000000.0,5.0,1.0,200.0,0.0,200000000.0,1.0,1.0
3751,5.0,1000000.0,5.0,1.0,200.0,0.0,200000000.0,1.0,1.0
3752,5.014925373134329,1000000.0,8.0,1.0,201.0,0.0,201000000.0,1.0,2.0
3753,5.0,1000000.0,5.0,1.0,200.0,0.0,200000000.0,1.0,1.0
3754,5.0,1000000.0,5.0,1.0,200.0,0.0,200000000.0,1.0,1.0
3755,5.0,1000000.0,5.0,1.0,200.0,0.0,200000000.0,1.0,1.0
3756,5.0,1000000.0,5.0,1.0,200.0,0.0,200000000.0,1.0,1.0
3757,5.0,1000000.0,5.0,1.0,200.0,0.0,200000000.0,1.0,1.0
3758,5.0,1000000.0,5.0,1.0,200.0,0.0,200000000.0,1.0,1.0
3759,5.0,1000000.0,5.0,1.0,200.0,0.0,200000000.0,1.0,1.0
3760,5.0,1000000.0,5.0,1.0,200.0,0.0,200000000.0,1.0,1.0
3761,5.0,1000000.0,5.0,1.0,200.0,0.0,200000000.0,1.0,1.0
3762,5.0,1000000.0,5.0,1.0,200.0,0.0,200000000.0,1.0,1.0
3763,5.0,1000000.0,5.0,1.0,200.0,0.0,200000000.0,1.0,1.0
3764,5.0,1000000.0,5.0,1.0,200.0,0.0,200000000.0,1.0,1.0
3765,5.0,1000000.0,5.0,1.0,200.0,0.0,200000000.0,1.0,1.0
3766,5.0,1000000.0,5.0,1.0,200.0,0.0,200000000.0,1.0,1.0
3767,5.0,1000000.0,5.0,1.0,200.0,0.0,200000000.0,1.0,1.0
3768,5.0,1000000.0,5.0,1.0,200.0,0.0,200000000.0,1.0,1.0
3769,5.0,1000000.0,5.0,1.0,200.0,0.0,200000000.0,1.0,1.0
3770,5.0,1000000.0,5.0,1.0,200.0,0.0,200000000.0,1.0,1.0
3771,5.0,1000000.0,5.0,1.0,200.0,0.0,200000000.0,1.0,1.0
3772,5.0,1000000.0,5.0,1.0,200.0,0.0,200000000.0,1.0,1.0
3773,5.0,1000000.0,5.0,1.0,200.0,0.0,200000000.0,1.0,1.0
3774,5.0,1000000.0,5.0,1.0,200.0,0.0,200000000.0,1.0,1.0
3775,5.0,1000000.0,5.0,1.0,200.0,0.0,200000000.0,1.0,1.0
3776,5.0,1000000.0,5.0,1.0,200.0,0.0,200000000.0,1.0,1.0
3777,5.0,1000000.0,5.0,1.0,200.0,0.0,200000000.0,1.0,1.0
3778,5.0049751243781095,1000000.0,6.0,1.0,201.0,0.0,201000000.0,1.0,2.0
3779,5.0,1000000.0,5.0,1.0,200.0,0.0,200000000.0,1.0,1.0
3780,5.0,1000000.0,5.0,1.0,200.0,0.0,200000000.0,1.0,1.0
3781,5.73,1000000.0,6.0,1.0,200.0,0.0,200000000.0,1.0,1.0
3782,6.0,1000000.0,6.0,1.0,200.0,0.0,200000000.0,1.0,1.0
3783,6.0,1000000.0,6.0,1.0,200.0,0.0,200000000.0,1.0,1.0
3784,6.0,1000000.0,6.0,1.0,200.0,0.0,200000000.0,1.0,1.0
3785,6.0,1000000.0,6.0,1.0,200.0,0.0,200000000.0,1.0,1.0
3786,5.82,1000000.0,6.0,1.0,200.0,0.0,200000000.0,1.0,1.0
3787,6.0,1000000.0,6.0,1.0,200.0,0.0,200000000.0,1.0,1.0
3788,6.0,1000000.0,6.0,1.0,200.0,0.0,200000000.0,1.0,1.0
3789,6.0,1000000.0,6.0,1.0,200.0,0.0,200000000.0,1.0,1.0
3790,6.0,1000000.0,6.0,1.0,200.0,0.0,200000000.0,1.0,1.0
3791,6.0,1000000.0,6.0,1.0,200.0,0.0,200000000.0,1.0,1.0
3792,6.0,1000000.0,6.0,1.0,200.0,0.0,200000000.0,1.0,1.0
3793,6.0,1000000.0,6.0,1.0,200.0,0.0,200000000.0,1.0,1.0
3794,6.0,1000000.0,6.0,1.0,200.0,0.0,200000000.0,1.0,1.0
3795,5.990049751243781,1000000.0,6.0,1.0,201.0,0.0,201000000.0,1.0,2.0
3796,6.0,1000000.0,6.0,1.0,200.0,0.0,200000000.0,1.0,1.0
3797,6.0,1000000.0,6.0,1.0,200.0,0.0,200000000.0,1.0,1.0
3798,6.0,1000000.0,6.0,1.0,200.0,0.0,200000000.0,1.0,1.0
3799,6.0,1000000.0,6.0,1.0,200.0,0.0,200000000.0,1.0,1.0
3800,6.0,1000000.0,6.0,1.0,200.0,0.0,200000000.0,1.0,1.0
3801,6.0,1000000.0,6.0,1.0,200.0,0.0,200000000.0,1.0,1.0
3802,6.0,1000000.0,6.0,1.0,200.0,0.0,200000000.0,1.0,1.0
3803,5.990049751243781,1000000.0,6.0,1.0,201.0,0.0,201000000.0,1.0,2.0
3804,6.0,1000000.0,6.0,1.0,200.0,0.0,200000000.0,1.0,1.0
3805,6.0,1000000.0,6.0,1.0,200.0,0.0,200000000.0,1.0,1.0
3806,5.415,1000000.0,6.0,1.0,200.0,0.0,200000000.0,1.0,1.0
3807,5.0,1000000.0,5.0,1.0,200.0,0.0,200000000.0,1.0,1.0
3808,5.0,1000000.0,5.0,1.0,200.0,0.0,200000000.0,1.0,1.0
3809,5.0,1000000.0,5.0,1.0,200.0,0.0,200000000.0,1.0,1.0
3810,5.0,1000000.0,5.0,1.0,200.0,0.0,200000000.0,1.0,1.0
3811,5.09,1000000.0,7.0,1.0,200.0,0.0,200000000.0,1.0,1.0
3812,5.0,1000000.0,5.0,1.0,200.0,0.0,200000000.0,1.0,1.0
3813,5.0,1000000.0,5.0,1.0,200.0,0.0,200000000.0,1.0,1.0
3814,5.0,1000000.0,5.0,1.0,200.0,0.0,200000000.0,1.0,1.0
3815,5.0,1000000.0,5.0,1.0,200.0,0.0,200000000.0,1.0,1.0
3816,5.0,1000000.0,5.0,1.0,200.0,0.0,200000000.0,1.0,1.0
3817,5.0,1000000.0,5.0,1.0,200.0,0.0,200000000.0,1.0,1.0
3818,5.0,1000000.0,5.0,1.0,200.0,0.0,200000000.0,1.0,1.0
3819,5.0,1000000.0,5.0,1.0,200.0,0.0,200000000.0,1.0,1.0
3820,5.0,1000000.0,5.0,1.0,200.0,0.0,200000000.0,1.0,1.0
3821,5.0,1000000.0,5.0,1.0,200.0,0.0,200000000.0,1.0,1.0
3822,5.0,1000000.0,5.0,1.0,200.0,0.0,200000000.0,1.0,1.0
3823,5.0,1000000.0,5.0,1.0,200.0,0.0,200000000.0,1.0,1.0
3824,5.0,1000000.0,5.0,1.0,200.0,0.0,200000000.0,1.0,1.0
3825,5.0,1000000.0,5.0,1.0,200.0,0.0,200000000.0,1.0,1.0
3826,5.0,1000000.0,5.0,1.0,200.0,0.0,200000000.0,1.0,1.0
3827,5.0,1000000.0,5.0,1.0,200.0,0.0,200000000.0,1.0,1.0
3828,5.0,1000000.0,5.0,1.0,200.0,0.0,200000000.0,1.0,1.0
3829,5.0,1000000.0,5.0,1.0,200.0,0.0,200000000.0,1.0,1.0
3830,5.0,1000000.0,5.0,1.0,200.0,0.0,200000000.0,1.0,1.0
3831,5.0,1000000.0,5.0,1.0,200.0,0.0,200000000.0,1.0,1.0
3832,5.0,1000000.0,5.0,1.0,200.0,0.0,200000000.0,1.0,1.0
3833,5.0,1000000.0,5.0,1.0,200.0,0.0,200000000.0,1.0,1.0
3834,5.0,1000000.0,5.0,1.0,200.0,0.0,200000000.0,1.0,1.0
3835,5.0,1000000.0,5.0,1.0,200.0,0.0,200000000.0,1.0,1.0
3836,5.0,1000000.0,5.0,1.0,200.0,0.0,200000000.0,1.0,1.0
3837,5.0,1000000.0,5.0,1.0,200.0,0.0,200000000.0,1.0,1.0
3838,5.0,1000000.0,5.0,1.0,200.0,0.0,200000000.0,1.0,1.0
3839,5.0,1000000.0,5.0,1.0,200.0,0.0,200000000.0,1.0,1.0
3840,5.019900497512438,1000000.0,9.0,1.0,201.0,0.0,201000000.0,1.0,2.0
3841,5.0,1000000.0,5.0,1.0,200.0,0.0,200000000.0,1.0,1.0
3842,5.0,1000000.0,5.0,1.0,200.0,0.0,200000000.0,1.0,1.0
3843,5.0,1000000.0,5.0,1.0,200.0,0.0,200000000.0,1.0,1.0
3844,5.0,1000000.0,5.0,1.0,200.0,0.0,200000000.0,1.0,1.0
3845,5.0,1000000.0,5.0,1.0,200.0,0.0,200000000.0,1.0,1.0
3846,5.0,1000000.0,5.0,1.0,200.0,0.0,200000000.0,1.0,1.0
3847,5.0,1000000.0,5.0,1.0,200.0,0.0,200000000.0,1.0,1.0
3848,5.0,1000000.0,5.0,1.0,200.0,0.0,200000000.0,1.0,1.0
3849,5.0,1000000.0,5.0,1.0,200.0,0.0,200000000.0,1.0,1.0
3850,5.0,1000000.0,5.0,1.0,200.0,0.0,200000000.0,1.0,1.0
3851,5.0,1000000.0,5.0,1.0,200.0,0.0,200000000.0,1.0,1.0
3852,5.0,1000000.0,5.0,1.0,200.0,0.0,200000000.0,1.0,1.0
3853,5.0,1000000.0,5.0,1.0,200.0,0.0,200000000.0,1.0,1.0
3854,5.0,1000000.0,5.0,1.0,200.0,0.0,200000000.0,1.0,1.0
3855,5.0,1000000.0,5.0,1.0,200.0,0.0,200000000.0,1.0,1.0
3856,5.0,1000000.0,5.0,1.0,200.0,0.0,200000000.0,1.0,1.0
3857,5.0,1000000.0,5.0,1.0,200.0,0.0,200000000.0,1.0,1.0
3858,5.0,1000000.0,5.0,1.0,200.0,0.0,200000000.0,1.0,1.0
3859,5.0,1000000.0,5.0,1.0,200.0,0.0,200000000.0,1.0,1.0
3860,5.0,1000000.0,5.0,1.0,200.0,0.0,200000000.0,1.0,1.0
3861,5.0,1000000.0,5.0,1.0,200.0,0.0,200000000.0,1.0,1.0
3862,4.505,1000000.0,7.0,1.0,200.0,0.0,200000000.0,1.0,1.0
3863,4.0,1000000.0,4.0,1.0,200.0,0.0,200000000.0,1.0,1.0
3864,4.0,1000000.0,4.0,1.0,200.0,0.0,200000000.0,1.0,1.0
3865,4.0,1000000.0,4.0,1.0,200.0,0.0,200000000.0,1.0,1.0
3866,4.0,1000000.0,4.0,1.0,200.0,0.0,200000000.0,1.0,1.0
3867,4.0,1000000.0,4.0,1.0,200.0,0.0,200000000.0,1.0,1.0
3868,4.0,1000000.0,4.0,1.0,200.0,0.0,200000000.0,1.0,1.0
3869,4.0,1000000.0,4.0,1.0,200.0,0.0,200000000.0,1.0,1.0
3870,4.0,1000000.0,4.0,1.0,200.0,0.0,200000000.0,1.0,1.0
3871,4.0,1000000.0,4.0,1.0,200.0,0.0,200000000.0,1.0,1.0
3872,4.024752475247524,1000000.0,7.0,1.0,202.0,0.0,202000000.0,1.0,3.0
3873,4.0,1000000.0,4.0,1.0,200.0,0.0,200000000.0,1.0,1.0
3874,4.0,1000000.0,4.0,1.0,200.0,0.0,200000000.0,1.0,1.0
3875,4.0,1000000.0,4.0,1.0,200.0,0.0,200000000.0,1.0,1.0
3876,4.0,1000000.0,4.0,1.0,200.0,0.0,200000000.0,1.0,1.0
3877,4.0,1000000.0,4.0,1.0,200.0,0.0,200000000.0,1.0,1.0
3878,4.0,1000000.0,4.0,1.0,200.0,0.0,200000000.0,1.0,1.0
3879,4.0,1000000.0,4.0,1.0,200.0,0.0,200000000.0,1.0,1.0
3880,4.0,1000000.0,4.0,1.0,200.0,0.0,200000000.0,1.0,1.0
3881,4.0,1000000.0,4.0,1.0,200.0,0.0,200000000.0,1.0,1.0
3882,4.0,1000000.0,4.0,1.0,200.0,0.0,200000000.0,1.0,1.0
3883,4.0,1000000.0,4.0,1.0,200.0,0.0,200000000.0,1.0,1.0
3884,4.0,1000000.0,4.0,1.0,200.0,0.0,200000000.0,1.0,1.0
3885,4.0,1000000.0,4.0,1.0,200.0,0.0,200000000.0,1.0,1.0
3886,4.0,1000000.0,4.0,1.0,200.0,0.0,200000000.0,1.0,1.0
3887,4.25,1000000.0,6.0,1.0,200.0,0.0,200000000.0,1.0,1.0
3888,5.0,1000000.0,5.0,1.0,200.0,0.0,200000000.0,1.0,1.0
3889,5.0,1000000.0,5.0,1.0,200.0,0.0,200000000.0,1.0,1.0
3890,5.0,1000000.0,5.0,1.0,200.0,0.0,200000000.0,1.0,1.0
3891,5.0,1000000.0,5.0,1.0,200.0,0.0,200000000.0,1.0,1.0
3892,5.0,1000000.0,5.0,1.0,200.0,0.0,200000000.0,1.0,1.0
3893,5.0,1000000.0,5.0,1.0,200.0,0.0,200000000.0,1.0,1.0
3894,5.0,1000000.0,5.0,1.0,200.0,0.0,200000000.0,1.0,1.0
3895,5.0,1000000.0,5.0,1.0,200.0,0.0,200000000.0,1.0,1.0
3896,5.0,1000000.0,5.0,1.0,200.0,0.0,200000000.0,1.0,1.0
3897,5.0,1000000.0,5.0,1.0,200.0,0.0,200000000.0,1.0,1.0
3898,5.0,1000000.0,5.0,1.0,200.0,0.0,200000000.0,1.0,1.0
3899,5.0,1000000.0,5.0,1.0,200.0,0.0,200000000.0,1.0,1.0
3900,5.0,1000000.0,5.0,1.0,200.0,0.0,200000000.0,1.0,1.0
3901,5.0,1000000.0,5.0,1.0,200.0,0.0,200000000.0,1.0,1.0
3902,5.0,1000000.0,5.0,1.0,200.0,0.0,200000000.0,1.0,1.0
3903,5.0,1000000.0,5.0,1.0,200.0,0.0,200000000.0,1.0,1.0
3904,5.0,1000000.0,5.0,1.0,200.0,0.0,200000000.0,1.0,1.0
3905,5.0,1000000.0,5.0,1.0,200.0,0.0,200000000.0,1.0,1.0
3906,5.0,1000000.0,5.0,1.0,200.0,0.0,200000000.0,1.0,1.0
3907,5.0,1000000.0,5.0,1.0,200.0,0.0,200000000.0,1.0,1.0
3908,5.0,1000000.0,5.0,1.0,200.0,0.0,200000000.0,1.0,1.0
3909,5.0,1000000.0,5.0,1.0,199.0,0.0,199000000.0,1.0,1.0
3910,5.0,1000000.0,5.0,1.0,201.0,0.0,201000000.0,1.0,1.0
3911,5.0,1000000.0,5.0,1.0,200.0,0.0,200000000.0,1.0,1.0
3912,5.0,1000000.0,5.0,1.0,200.0,0.0,200000000.0,1.0,1.0
3913,5.0,1000000.0,5.0,1.0,200.0,0.0,200000000.0,1.0,1.0
3914,5.0,1000000.0,5.0,1.0,200.0,0.0,200000000.0,1.0,1.0
3915,5.019900497512438,1000000.0,9.0,1.0,201.0,0.0,201000000.0,1.0,2.0
3916,5.0,1000000.0,5.0,1.0,200.0,0.0,200000000.0,1.0,1.0
3917,5.014925373134329,1000000.0,8.0,1.0,201.0,0.0,201000000.0,1.0,2.0
3918,5.0,1000000.0,5.0,1.0,200.0,0.0,200000000.0,1.0,1.0
3919,5.0,1000000.0,5.0,1.0,200.0,0.0,200000000.0,1.0,1.0
3920,5.0,1000000.0,5.0,1.0,200.0,0.0,200000000.0,1.0,1.0
3921,5.0,1000000.0,5.0,1.0,200.0,0.0,200000000.0,1.0,1.0
3922,5.0,1000000.0,5.0,1.0,200.0,0.0,200000000.0,1.0,1.0
3923,5.0,1000000.0,5.0,1.0,200.0,0.0,200000000.0,1.0,1.0
3924,5.0,1000000.0,5.0,1.0,200.0,0.0,200000000.0,1.0,1.0
3925,5.0,1000000.0,5.0,1.0,200.0,0.0,200000000.0,1.0,1.0
3926,5.0,1000000.0,5.0,1.0,200.0,0.0,200000000.0,1.0,1.0
3927,5.0,1000000.0,5.0,1.0,200.0,0.0,200000000.0,1.0,1.0
3928,5.0,1000000.0,5.0,1.0,200.0,0.0,200000000.0,1.0,1.0
3929,5.0,1000000.0,5.0,1.0,200.0,0.0,200000000.0,1.0,1.0
3930,4.485,1000000.0,5.0,1.0,200.0,0.0,200000000.0,1.0,1.0
3931,4.0,1000000.0,4.0,1.0,200.0,0.0,200000000.0,1.0,1.0
3932,4.0049751243781095,1000000.0,5.0,1.0,201.0,0.0,201000000.0,1.0,2.0
3933,4.0,1000000.0,4.0,1.0,200.0,0.0,200000000.0,1.0,1.0
3934,4.0,1000000.0,4.0,1.0,200.0,0.0,200000000.0,1.0,1.0
3935,4.0,1000000.0,4.0,1.0,200.0,0.0,200000000.0,1.0,1.0
3936,4.0,1000000.0,4.0,1.0,200.0,0.0,200000000.0,1.0,1.0
3937,4.0,1000000.0,4.0,1.0,200.0,0.0,200000000.0,1.0,1.0
3938,4.635,1000000.0,6.0,1.0,200.0,0.0,200000000.0,1.0,1.0
3939,5.0,1000000.0,5.0,1.0,200.0,0.0,200000000.0,1.0,1.0
3940,5.0,1000000.0,5.0,1.0,200.0,0.0,200000000.0,1.0,1.0
3941,5.0,1000000.0,5.0,1.0,200.0,0.0,200000000.0,1.0,1.0
3942,5.0,1000000.0,5.0,1.0,200.0,0.0,200000000.0,1.0,1.0
3943,5.0,1000000.0,5.0,1.0,200.0,0.0,200000000.0,1.0,1.0
3944,5.0,1000000.0,5.0,1.0,200.0,0.0,200000000.0,1.0,1.0
3945,5.0,1000000.0,5.0,1.0,200.0,0.0,200000000.0,1.0,1.0
3946,5.0,1000000.0,5.0,1.0,200.0,0.0,200000000.0,1.0,1.0
3947,5.0,1000000.0,5.0,1.0,200.0,0.0,200000000.0,1.0,1.0
3948,5.0,1000000.0,5.0,1.0,200.0,0.0,200000000.0,1.0,1.0
3949,5.0,1000000.0,5.0,1.0,200.0,0.0,200000000.0,1.0,1.0
3950,5.0,1000000.0,5.0,1.0,200.0,0.0,200000000.0,1.0,1.0
3951,5.0,1000000.0,5.0,1.0,200.0,0.0,200000000.0,1.0,1.0
3952,5.0,1000000.0,5.0,1.0,200.0,0.0,200000000.0,1.0,1.0
3953,5.0,1000000.0,5.0,1.0,200.0,0.0,200000000.0,1.0,1.0
3954,5.0,1000000.0,5.0,1.0,200.0,0.0,200000000.0,1.0,1.0
3955,5.0,1000000.0,5.0,1.0,200.0,0.0,200000000.0,1.0,1.0
3956,5.0,1000000.0,5.0,1.0,200.0,0.0,200000000.0,1.0,1.0
3957,5.0,1000000.0,5.0,1.0,200.0,0.0,200000000.0,1.0,1.0
3958,5.0,1000000.0,5.0,1.0,200.0,0.0,200000000.0,1.0,1.0
3959,5.0,1000000.0,5.0,1.0,200.0,0.0,200000000.0,1.0,1.0
3960,5.0,1000000.0,5.0,1.0,200.0,0.0,200000000.0,1.0,1.0
3961,5.0,1000000.0,5.0,1.0,200.0,0.0,200000000.0,1.0,1.0
3962,5.0049751243781095,1000000.0,6.0,1.0,201.0,0.0,201000000.0,1.0,2.0
3963,5.0,1000000.0,5.0,1.0,200.0,0.0,200000000.0,1.0,1.0
3964,5.0,1000000.0,5.0,1.0,200.0,0.0,200000000.0,1.0,1.0
3965,5.0,1000000.0,5.0,1.0,200.0,0.0,200000000.0,1.0,1.0
3966,5.0,1000000.0,5.0,1.0,200.0,0.0,200000000.0,1.0,1.0
3967,5.0,1000000.0,5.0,1.0,200.0,0.0,200000000.0,1.0,1.0
3968,5.0,1000000.0,5.0,1.0,200.0,0.0,200000000.0,1.0,1.0
3969,5.0,1000000.0,5.0,1.0,200.0,0.0,200000000.0,1.0,1.0
3970,5.0,1000000.0,5.0,1.0,200.0,0.0,200000000.0,1.0,1.0
3971,5.0,1000000.0,5.0,1.0,200.0,0.0,200000000.0,1.0,1.0
3972,5.0,1000000.0,5.0,1.0,200.0,0.0,200000000.0,1.0,1.0
3973,5.0,1000000.0,5.0,1.0,200.0,0.0,200000000.0,1.0,1.0
3974,5.0,1000000.0,5.0,1.0,200.0,0.0,200000000.0,1.0,1.0
3975,5.0,1000000.0,5.0,1.0,200.0,0.0,200000000.0,1.0,1.0
3976,5.0,1000000.0,5.0,1.0,200.0,0.0,200000000.0,1.0,1.0
3977,5.0,1000000.0,5.0,1.0,200.0,0.0,200000000.0,1.0,1.0
3978,5.0,1000000.0,5.0,1.0,200.0,0.0,200000000.0,1.0,1.0
3979,5.0,1000000.0,5.0,1.0,200.0,0.0,200000000.0,1.0,1.0
3980,5.0,1000000.0,5.0,1.0,200.0,0.0,200000000.0,1.0,1.0
3981,5.0,1000000.0,5.0,1.0,200.0,0.0,200000000.0,1.0,1.0
3982,5.0,1000000.0,5.0,1.0,200.0,0.0,200000000.0,1.0,1.0
3983,5.0,1000000.0,5.0,1.0,200.0,0.0,200000000.0,1.0,1.0
3984,5.0,1000000.0,5.0,1.0,200.0,0.0,200000000.0,1.0,1.0
3985,5.0,1000000.0,5.0,1.0,200.0,0.0,200000000.0,1.0,1.0
3986,5.019900497512438,1000000.0,9.0,1.0,201.0,0.0,201000000.0,1.0,2.0
3987,5.0,1000000.0,5.0,1.0,200.0,0.0,200000000.0,1.0,1.0
3988,5.0,1000000.0,5.0,1.0,200.0,0.0,200000000.0,1.0,1.0
3989,5.0,1000000.0,5.0,1.0,200.0,0.0,200000000.0,1.0,1.0
3990,5.0,1000000.0,5.0,1.0,200.0,0.0,200000000.0,1.0,1.0
3991,5.0,1000000.0,5.0,1.0,200.0,0.0,200000000.0,1.0,1.0
3992,5.0,1000000.0,5.0,1.0,200.0,0.0,200000000.0,1.0,1.0
3993,5.0,1000000.0,5.0,1.0,200.0,0.0,200000000.0,1.0,1.0
3994,5.0,1000000.0,5.0,1.0,200.0,0.0,200000000.0,1.0,1.0
3995,5.0,1000000.0,5.0,1.0,200.0,0.0,200000000.0,1.0,1.0
3996,5.0,1000000.0,5.0,1.0,200.0,0.0,200000000.0,1.0,1.0
3997,5.0,1000000.0,5.0,1.0,200.0,0.0,200000000.0,1.0,1.0
3998,5.0,1000000.0,5.0,1.0,200.0,0.0,200000000.0,1.0,1.0
3999,5.0,1000000.0,5.0,1.0,200.0,0.0,200000000.0,1.0,1.0
4000,5.26,1000000.0,7.0,1.0,200.0,0.0,200000000.0,1.0,1.0
4001,7.0,1000000.0,7.0,1.0,200.0,0.0,200000000.0,1.0,1.0
4002,7.0,1000000.0,7.0,1.0,200.0,0.0,200000000.0,1.0,1.0
4003,7.0,1000000.0,7.0,1.0,200.0,0.0,200000000.0,1.0,1.0
4004,7.0,1000000.0,7.0,1.0,200.0,0.0,200000000.0,1.0,1.0
4005,7.0,1000000.0,7.0,1.0,200.0,0.0,200000000.0,1.0,1.0
4006,7.0,1000000.0,7.0,1.0,200.0,0.0,200000000.0,1.0,1.0
4007,7.0,1000000.0,7.0,1.0,200.0,0.0,200000000.0,1.0,1.0
4008,7.0,1000000.0,7.0,1.0,200.0,0.0,200000000.0,1.0,1.0
4009,7.0,1000000.0,7.0,1.0,200.0,0.0,200000000.0,1.0,1.0
4010,7.0,1000000.0,7.0,1.0,200.0,0.0,200000000.0,1.0,1.0
4011,7.0,1000000.0,7.0,1.0,200.0,0.0,200000000.0,1.0,1.0
4012,7.0,1000000.0,7.0,1.0,200.0,0.0,200000000.0,1.0,1.0
4013,7.0,1000000.0,7.0,1.0,200.0,0.0,200000000.0,1.0,1.0
4014,6.305,1000000.0,7.0,1.0,200.0,0.0,200000000.0,1.0,1.0
4015,6.0,1000000.0,6.0,1.0,200.0,0.0,200000000.0,1.0,1.0
4016,6.0,1000000.0,6.0,1.0,200.0,0.0,200000000.0,1.0,1.0
4017,6.0,1000000.0,6.0,1.0,200.0,0.0,200000000.0,1.0,1.0
4018,6.0,1000000.0,6.0,1.0,200.0,0.0,200000000.0,1.0,1.0
4019,6.0,1000000.0,6.0,1.0,200.0,0.0,200000000.0,1.0,1.0
4020,6.0,1000000.0,6.0,1.0,200.0,0.0,200000000.0,1.0,1.0
4021,6.0,1000000.0,6.0,1.0,200.0,0.0,200000000.0,1.0,1.0
4022,6.0,1000000.0,6.0,1.0,200.0,0.0,200000000.0,1.0,1.0
4023,6.0,1000000.0,6.0,1.0,200.0,0.0,200000000.0,1.0,1.0
4024,6.905,1000000.0,7.0,1.0,200.0,0.0,200000000.0,1.0,1.0
4025,7.0,1000000.0,7.0,1.0,200.0,0.0,200000000.0,1.0,1.0
4026,7.0,1000000.0,7.0,1.0,200.0,0.0,200000000.0,1.0,1.0
4027,7.0,1000000.0,7.0,1.0,200.0,0.0,200000000.0,1.0,1.0
4028,7.0,1000000.0,7.0,1.0,200.0,0.0,200000000.0,1.0,1.0
4029,7.0,1000000.0,7.0,1.0,200.0,0.0,200000000.0,1.0,1.0
4030,7.0,1000000.0,7.0,1.0,200.0,0.0,200000000.0,1.0,1.0
4031,7.0,1000000.0,7.0,1.0,200.0,0.0,200000000.0,1.0,1.0
4032,6.990049751243781,1000000.0,7.0,1.0,201.0,0.0,201000000.0,1.0,2.0
4033,7.0,1000000.0,7.0,1.0,200.0,0.0,200000000.0,1.0,1.0
4034,7.0,1000000.0,7.0,1.0,200.0,0.0,200000000.0,1.0,1.0
4035,7.0,1000000.0,7.0,1.0,200.0,0.0,200000000.0,1.0,1.0
4036,7.0,1000000.0,7.0,1.0,200.0,0.0,200000000.0,1.0,1.0
4037,7.0,1000000.0,7.0,1.0,200.0,0.0,200000000.0,1.0,1.0
4038,7.0,1000000.0,7.0,1.0,200.0,0.0,200000000.0,1.0,1.0
4039,7.0,1000000.0,7.0,1.0,200.0,0.0,200000000.0,1.0,1.0
4040,7.0,1000000.0,7.0,1.0,200.0,0.0,200000000.0,1.0,1.0
4041,7.0,1000000.0,7.0,1.0,199.0,0.0,199000000.0,1.0,1.0
4042,7.0,1000000.0,7.0,1.0,201.0,0.0,201000000.0,1.0,1.0
4043,7.0,1000000.0,7.0,1.0,200.0,0.0,200000000.0,1.0,1.0
4044,7.0,1000000.0,7.0,1.0,200.0,0.0,200000000.0,1.0,1.0
4045,7.0,1000000.0,7.0,1.0,200.0,0.0,200000000.0,1.0,1.0
4046,7.0,1000000.0,7.0,1.0,200.0,0.0,200000000.0,1.0,1.0
4047,7.0,1000000.0,7.0,1.0,200.0,0.0,200000000.0,1.0,1.0
4048,7.0,1000000.0,7.0,1.0,200.0,0.0,200000000.0,1.0,1.0
4049,7.0,1000000.0,7.0,1.0,200.0,0.0,200000000.0,1.0,1.0
4050,7.0,1000000.0,7.0,1.0,200.0,0.0,200000000.0,1.0,1.0
4051,7.0,1000000.0,7.0,1.0,200.0,0.0,200000000.0,1.0,1.0
4052,7.0,1000000.0,7.0,1.0,200.0,0.0,200000000.0,1.0,1.0
4053,7.0,1000000.0,7.0,1.0,200.0,0.0,200000000.0,1.0,1.0
4054,7.0,1000000.0,7.0,1.0,200.0,0.0,200000000.0,1.0,1.0
4055,7.0,1000000.0,7.0,1.0,200.0,0.0,200000000.0,1.0,1.0
4056,7.0,1000000.0,7.0,1.0,200.0,0.0,200000000.0,1.0,1.0
4057,7.0,1000000.0,7.0,1.0,200.0,0.0,200000000.0,1.0,1.0
4058,7.0,1000000.0,7.0,1.0,200.0,0.0,200000000.0,1.0,1.0
4059,7.0,1000000.0,7.0,1.0,200.0,0.0,200000000.0,1.0,1.0
4060,7.0,1000000.0,7.0,1.0,200.0,0.0,200000000.0,1.0,1.0
4061,7.0,1000000.0,7.0,1.0,200.0,0.0,200000000.0,1.0,1.0
4062,7.0,1000000.0,7.0,1.0,200.0,0.0,200000000.0,1.0,1.0
4063,7.0,1000000.0,7.0,1.0,200.0,0.0,200000000.0,1.0,1.0
4064,7.0,1000000.0,7.0,1.0,200.0,0.0,200000000.0,1.0,1.0
4065,7.0049751243781095,1000000.0,8.0,1.0,201.0,0.0,201000000.0,1.0,2.0
4066,7.0,1000000.0,7.0,1.0,200.0,0.0,200000000.0,1.0,1.0
4067,7.0,1000000.0,7.0,1.0,200.0,0.0,200000000.0,1.0,1.0
4068,7.0,1000000.0,7.0,1.0,200.0,0.0,200000000.0,1.0,1.0
4069,7.0,1000000.0,7.0,1.0,200.0,0.0,200000000.0,1.0,1.0
4070,7.0,1000000.0,7.0,1.0,200.0,0.0,200000000.0,1.0,1.0
4071,7.0,1000000.0,7.0,1.0,200.0,0.0,200000000.0,1.0,1.0
4072,7.0,1000000.0,7.0,1.0,200.0,0.0,200000000.0,1.0,1.0
4073,7.0,1000000.0,7.0,1.0,200.0,0.0,200000000.0,1.0,1.0
4074,7.0,1000000.0,7.0,1.0,200.0,0.0,200000000.0,1.0,1.0
4075,7.0,1000000.0,7.0,1.0,200.0,0.0,200000000.0,1.0,1.0
4076,7.0,1000000.0,7.0,1.0,200.0,0.0,200000000.0,1.0,1.0
4077,7.0,1000000.0,7.0,1.0,200.0,0.0,200000000.0,1.0,1.0
4078,7.0,1000000.0,7.0,1.0,200.0,0.0,200000000.0,1.0,1.0
4079,7.0,1000000.0,7.0,1.0,200.0,0.0,200000000.0,1.0,1.0
4080,7.0,1000000.0,7.0,1.0,200.0,0.0,200000000.0,1.0,1.0
4081,7.0,1000000.0,7.0,1.0,200.0,0.0,200000000.0,1.0,1.0
4082,7.0,1000000.0,7.0,1.0,200.0,0.0,200000000.0,1.0,1.0
4083,7.0,1000000.0,7.0,1.0,200.0,0.0,200000000.0,1.0,1.0
4084,7.0,1000000.0,7.0,1.0,200.0,0.0,200000000.0,1.0,1.0
4085,7.0,1000000.0,7.0,1.0,200.0,0.0,200000000.0,1.0,1.0
4086,7.0,1000000.0,7.0,1.0,200.0,0.0,200000000.0,1.0,1.0
4087,7.0,1000000.0,7.0,1.0,200.0,0.0,200000000.0,1.0,1.0
4088,7.0,1000000.0,7.0,1.0,200.0,0.0,200000000.0,1.0,1.0
4089,7.0,1000000.0,7.0,1.0,200.0,0.0,200000000.0,1.0,1.0
4090,5.085,1000000.0,7.0,1.0,200.0,0.0,200000000.0,1.0,1.0
4091,4.0,1000000.0,4.0,1.0,200.0,0.0,200000000.0,1.0,1.0
4092,4.0,1000000.0,4.0,1.0,200.0,0.0,200000000.0,1.0,1.0
4093,4.0049751243781095,1000000.0,5.0,1.0,201.0,0.0,201000000.0,1.0,2.0
4094,4.0,1000000.0,4.0,1.0,200.0,0.0,200000000.0,1.0,1.0
4095,4.96,1000000.0,7.0,1.0,200.0,0.0,200000000.0,1.0,1.0
4096,6.9950248756218905,1000000.0,7.0,1.0,201.0,0.0,201000000.0,1.0,2.0
4097,7.0,1000000.0,7.0,1.0,200.0,0.0,200000000.0,1.0,1.0
4098,7.0,1000000.0,7.0,1.0,200.0,0.0,200000000.0,1.0,1.0
4099,7.0,1000000.0,7.0,1.0,200.0,0.0,200000000.0,1.0,1.0
4100,7.0,1000000.0,7.0,1.0,200.0,0.0,200000000.0,1.0,1.0
4101,6.045,1000000.0,7.0,1.0,200.0,0.0,200000000.0,1.0,1.0
4102,6.0,1000000.0,6.0,1.0,200.0,0.0,200000000.0,1.0,1.0
4103,6.0,1000000.0,6.0,1.0,200.0,0.0,200000000.0,1.0,1.0
4104,6.0,1000000.0,6.0,1.0,200.0,0.0,200000000.0,1.0,1.0
4105,6.72,1000000.0,7.0,1.0,200.0,0.0,200000000.0,1.0,1.0
4106,7.0,1000000.0,7.0,1.0,200.0,0.0,200000000.0,1.0,1.0
4107,7.0,1000000.0,7.0,1.0,200.0,0.0,200000000.0,1.0,1.0
4108,7.0,1000000.0,7.0,1.0,200.0,0.0,200000000.0,1.0,1.0
4109,7.0,1000000.0,7.0,1.0,200.0,0.0,200000000.0,1.0,1.0
4110,7.0,1000000.0,7.0,1.0,200.0,0.0,200000000.0,1.0,1.0
4111,7.0,1000000.0,7.0,1.0,200.0,0.0,200000000.0,1.0,1.0
4112,7.0,1000000.0,7.0,1.0,200.0,0.0,200000000.0,1.0,1.0
4113,7.0,1000000.0,7.0,1.0,200.0,0.0,200000000.0,1.0,1.0
4114,7.0,1000000.0,7.0,1.0,200.0,0.0,200000000.0,1.0,1.0
4115,7.0,1000000.0,7.0,1.0,200.0,0.0,200000000.0,1.0,1.0
4116,7.0,1000000.0,7.0,1.0,200.0,0.0,200000000.0,1.0,1.0
4117,7.0,1000000.0,7.0,1.0,200.0,0.0,200000000.0,1.0,1.0
4118,7.0,1000000.0,7.0,1.0,200.0,0.0,200000000.0,1.0,1.0
4119,7.0,1000000.0,7.0,1.0,200.0,0.0,200000000.0,1.0,1.0
4120,7.0,1000000.0,7.0,1.0,200.0,0.0,200000000.0,1.0,1.0
4121,7.0,1000000.0,7.0,1.0,200.0,0.0,200000000.0,1.0,1.0
4122,7.0,1000000.0,7.0,1.0,200.0,0.0,200000000.0,1.0,1.0
4123,7.0,1000000.0,7.0,1.0,200.0,0.0,200000000.0,1.0,1.0
4124,7.0,1000000.0,7.0,1.0,200.0,0.0,200000000.0,1.0,1.0
4125,7.0,1000000.0,7.0,1.0,200.0,0.0,200000000.0,1.0,1.0
4126,7.0,1000000.0,7.0,1.0,200.0,0.0,200000000.0,1.0,1.0
4127,7.0,1000000.0,7.0,1.0,200.0,0.0,200000000.0,1.0,1.0
4128,7.0,1000000.0,7.0,1.0,200.0,0.0,200000000.0,1.0,1.0
4129,7.0,1000000.0,7.0,1.0,200.0,0.0,200000000.0,1.0,1.0
4130,7.0,1000000.0,7.0,1.0,200.0,0.0,200000000.0,1.0,1.0
4131,7.0,1000000.0,7.0,1.0,200.0,0.0,200000000.0,1.0,1.0
4132,7.0,1000000.0,7.0,1.0,200.0,0.0,200000000.0,1.0,1.0
4133,7.0,1000000.0,7.0,1.0,200.0,0.0,200000000.0,1.0,1.0
4134,7.0,1000000.0,7.0,1.0,200.0,0.0,200000000.0,1.0,1.0
4135,7.0,1000000.0,7.0,1.0,200.0,0.0,200000000.0,1.0,1.0
4136,7.0,1000000.0,7.0,1.0,200.0,0.0,200000000.0,1.0,1.0
4137,7.0,1000000.0,7.0,1.0,200.0,0.0,200000000.0,1.0,1.0
4138,7.0,1000000.0,7.0,1.0,200.0,0.0,200000000.0,1.0,1.0
4139,7.0,1000000.0,7.0,1.0,200.0,0.0,200000000.0,1.0,1.0
4140,7.0,1000000.0,7.0,1.0,200.0,0.0,200000000.0,1.0,1.0
4141,7.0,1000000.0,7.0,1.0,200.0,0.0,200000000.0,1.0,1.0
4142,7.0,1000000.0,7.0,1.0,200.0,0.0,200000000.0,1.0,1.0
4143,7.0,1000000.0,7.0,1.0,200.0,0.0,200000000.0,1.0,1.0
4144,7.0,1000000.0,7.0,1.0,200.0,0.0,200000000.0,1.0,1.0
4145,7.0,1000000.0,7.0,1.0,200.0,0.0,200000000.0,1.0,1.0
4146,7.0,1000000.0,7.0,1.0,200.0,0.0,200000000.0,1.0,1.0
4147,7.0,1000000.0,7.0,1.0,200.0,0.0,200000000.0,1.0,1.0
4148,7.0,1000000.0,7.0,1.0,200.0,0.0,200000000.0,1.0,1.0
4149,7.0,1000000.0,7.0,1.0,200.0,0.0,200000000.0,1.0,1.0
4150,7.0,1000000.0,7.0,1.0,200.0,0.0,200000000.0,1.0,1.0
4151,7.0,1000000.0,7.0,1.0,200.0,0.0,200000000.0,1.0,1.0
4152,6.985074626865671,1000000.0,7.0,1.0,201.0,0.0,201000000.0,1.0,2.0
4153,7.0,1000000.0,7.0,1.0,200.0,0.0,200000000.0,1.0,1.0
4154,7.0,1000000.0,7.0,1.0,200.0,0.0,200000000.0,1.0,1.0
4155,7.0,1000000.0,7.0,1.0,200.0,0.0,200000000.0,1.0,1.0
4156,7.0,1000000.0,7.0,1.0,200.0,0.0,200000000.0,1.0,1.0
4157,7.0,1000000.0,7.0,1.0,200.0,0.0,200000000.0,1.0,1.0
4158,7.0,1000000.0,7.0,1.0,200.0,0.0,200000000.0,1.0,1.0
4159,7.0,1000000.0,7.0,1.0,200.0,0.0,200000000.0,1.0,1.0
4160,7.0,1000000.0,7.0,1.0,200.0,0.0,200000000.0,1.0,1.0
4161,7.0,1000000.0,7.0,1.0,200.0,0.0,200000000.0,1.0,1.0
4162,7.0,1000000.0,7.0,1.0,200.0,0.0,200000000.0,1.0,1.0
4163,7.0,1000000.0,7.0,1.0,200.0,0.0,200000000.0,1.0,1.0
4164,7.0,1000000.0,7.0,1.0,200.0,0.0,200000000.0,1.0,1.0
4165,7.0,1000000.0,7.0,1.0,200.0,0.0,200000000.0,1.0,1.0
4166,5.03,1000000.0,7.0,1.0,200.0,0.0,200000000.0,1.0,1.0
4167,5.0,1000000.0,5.0,1.0,200.0,0.0,200000000.0,1.0,1.0
4168,6.31,1000000.0,7.0,1.0,200.0,0.0,200000000.0,1.0,1.0
4169,6.990049751243781,1000000.0,7.0,1.0,201.0,0.0,201000000.0,1.0,2.0
4170,7.0,1000000.0,7.0,1.0,200.0,0.0,200000000.0,1.0,1.0
4171,7.0,1000000.0,7.0,1.0,200.0,0.0,200000000.0,1.0,1.0
4172,7.0,1000000.0,7.0,1.0,200.0,0.0,200000000.0,1.0,1.0
4173,7.0,1000000.0,7.0,1.0,200.0,0.0,200000000.0,1.0,1.0
4174,7.0,1000000.0,7.0,1.0,200.0,0.0,200000000.0,1.0,1.0
4175,7.0,1000000.0,7.0,1.0,200.0,0.0,200000000.0,1.0,1.0
4176,7.0,1000000.0,7.0,1.0,200.0,0.0,200000000.0,1.0,1.0
4177,7.0,1000000.0,7.0,1.0,200.0,0.0,200000000.0,1.0,1.0
4178,7.0,1000000.0,7.0,1.0,200.0,0.0,200000000.0,1.0,1.0
4179,6.990049751243781,1000000.0,7.0,1.0,201.0,0.0,201000000.0,1.0,2.0
4180,7.0,1000000.0,7.0,1.0,200.0,0.0,200000000.0,1.0,1.0
4181,6.19,1000000.0,7.0,1.0,200.0,0.0,200000000.0,1.0,1.0
4182,6.0,1000000.0,6.0,1.0,200.0,0.0,200000000.0,1.0,1.0
4183,6.0,1000000.0,6.0,1.0,200.0,0.0,200000000.0,1.0,1.0
4184,6.0,1000000.0,6.0,1.0,200.0,0.0,200000000.0,1.0,1.0
4185,6.0,1000000.0,6.0,1.0,200.0,0.0,200000000.0,1.0,1.0
4186,6.0,1000000.0,6.0,1.0,200.0,0.0,200000000.0,1.0,1.0
4187,6.0,1000000.0,6.0,1.0,200.0,0.0,200000000.0,1.0,1.0
4188,6.0,1000000.0,6.0,1.0,200.0,0.0,200000000.0,1.0,1.0
4189,6.0,1000000.0,6.0,1.0,200.0,0.0,200000000.0,1.0,1.0
4190,6.0,1000000.0,6.0,1.0,200.0,0.0,200000000.0,1.0,1.0
4191,6.0,1000000.0,6.0,1.0,200.0,0.0,200000000.0,1.0,1.0
4192,6.0,1000000.0,6.0,1.0,200.0,0.0,200000000.0,1.0,1.0
4193,6.0,1000000.0,6.0,1.0,200.0,0.0,200000000.0,1.0,1.0
4194,6.0,1000000.0,6.0,1.0,200.0,0.0,200000000.0,1.0,1.0
4195,6.0,1000000.0,6.0,1.0,200.0,0.0,200000000.0,1.0,1.0
4196,6.0,1000000.0,6.0,1.0,200.0,0.0,200000000.0,1.0,1.0
4197,6.014925373134329,1000000.0,9.0,1.0,201.0,0.0,201000000.0,1.0,2.0
4198,6.0,1000000.0,6.0,1.0,200.0,0.0,200000000.0,1.0,1.0
4199,6.0,1000000.0,6.0,1.0,200.0,0.0,200000000.0,1.0,1.0
4200,6.0,1000000.0,6.0,1.0,200.0,0.0,200000000.0,1.0,1.0
4201,6.0,1000000.0,6.0,1.0,200.0,0.0,200000000.0,1.0,1.0
4202,6.0,1000000.0,6.0,1.0,200.0,0.0,200000000.0,1.0,1.0
4203,6.0,1000000.0,6.0,1.0,200.0,0.0,200000000.0,1.0,1.0
4204,6.0,1000000.0,6.0,1.0,200.0,0.0,200000000.0,1.0,1.0
4205,6.0,1000000.0,6.0,1.0,200.0,0.0,200000000.0,1.0,1.0
4206,6.0,1000000.0,6.0,1.0,200.0,0.0,200000000.0,1.0,1.0
4207,6.0,1000000.0,6.0,1.0,200.0,0.0,200000000.0,1.0,1.0
4208,6.0,1000000.0,6.0,1.0,200.0,0.0,200000000.0,1.0,1.0
4209,6.0,1000000.0,6.0,1.0,200.0,0.0,200000000.0,1.0,1.0
4210,6.0,1000000.0,6.0,1.0,200.0,0.0,200000000.0,1.0,1.0
4211,6.0,1000000.0,6.0,1.0,200.0,0.0,200000000.0,1.0,1.0
4212,6.0,1000000.0,6.0,1.0,200.0,0.0,200000000.0,1.0,1.0
4213,6.0,1000000.0,6.0,1.0,200.0,0.0,200000000.0,1.0,1.0
4214,6.0,1000000.0,6.0,1.0,200.0,0.0,200000000.0,1.0,1.0
4215,6.0,1000000.0,6.0,1.0,200.0,0.0,200000000.0,1.0,1.0
4216,6.014925373134329,1000000.0,9.0,1.0,201.0,0.0,201000000.0,1.0,2.0
4217,6.024752475247524,1000000.0,9.0,1.0,202.0,0.0,202000000.0,1.0,3.0
4218,6.0,1000000.0,6.0,1.0,200.0,0.0,200000000.0,1.0,1.0
4219,6.0,1000000.0,6.0,1.0,200.0,0.0,200000000.0,1.0,1.0
4220,6.0,1000000.0,6.0,1.0,200.0,0.0,200000000.0,1.0,1.0
4221,6.0,1000000.0,6.0,1.0,200.0,0.0,200000000.0,1.0,1.0
4222,6.0,1000000.0,6.0,1.0,200.0,0.0,200000000.0,1.0,1.0
4223,6.0,1000000.0,6.0,1.0,200.0,0.0,200000000.0,1.0,1.0
4224,6.0,1000000.0,6.0,1.0,200.0,0.0,200000000.0,1.0,1.0
4225,6.0,1000000.0,6.0,1.0,200.0,0.0,200000000.0,1.0,1.0
4226,6.0,1000000.0,6.0,1.0,200.0,0.0,200000000.0,1.0,1.0
4227,6.0,1000000.0,6.0,1.0,200.0,0.0,200000000.0,1.0,1.0
4228,6.0,1000000.0,6.0,1.0,200.0,0.0,200000000.0,1.0,1.0
4229,6.0,1000000.0,6.0,1.0,200.0,0.0,200000000.0,1.0,1.0
4230,6.01,1000000.0,7.0,1.0,200.0,0.0,200000000.0,1.0,1.0
4231,6.0,1000000.0,6.0,1.0,200.0,0.0,200000000.0,1.0,1.0
4232,6.0,1000000.0,6.0,1.0,200.0,0.0,200000000.0,1.0,1.0
4233,6.0,1000000.0,6.0,1.0,200.0,0.0,200000000.0,1.0,1.0
4234,6.0,1000000.0,6.0,1.0,200.0,0.0,200000000.0,1.0,1.0
4235,6.0,1000000.0,6.0,1.0,200.0,0.0,200000000.0,1.0,1.0
4236,5.990049751243781,1000000.0,6.0,1.0,201.0,0.0,201000000.0,1.0,2.0
4237,6.0,1000000.0,6.0,1.0,199.0,0.0,199000000.0,1.0,1.0
4238,6.0,1000000.0,6.0,1.0,201.0,0.0,201000000.0,1.0,1.0
4239,6.0,1000000.0,6.0,1.0,200.0,0.0,200000000.0,1.0,1.0
4240,6.0,1000000.0,6.0,1.0,200.0,0.0,200000000.0,1.0,1.0
4241,6.0,1000000.0,6.0,1.0,200.0,0.0,200000000.0,1.0,1.0
4242,4.985,1000000.0,7.0,1.0,200.0,0.0,200000000.0,1.0,1.0
4243,5.0,1000000.0,5.0,1.0,200.0,0.0,200000000.0,1.0,1.0
4244,5.0,1000000.0,5.0,1.0,200.0,0.0,200000000.0,1.0,1.0
4245,5.0,1000000.0,5.0,1.0,200.0,0.0,200000000.0,1.0,1.0
4246,5.0,1000000.0,5.0,1.0,200.0,0.0,200000000.0,1.0,1.0
4247,5.0,1000000.0,5.0,1.0,200.0,0.0,200000000.0,1.0,1.0
4248,5.0,1000000.0,5.0,1.0,200.0,0.0,200000000.0,1.0,1.0
4249,5.0,1000000.0,5.0,1.0,200.0,0.0,200000000.0,1.0,1.0
4250,4.53,1000000.0,5.0,1.0,200.0,0.0,200000000.0,1.0,1.0
4251,4.0,1000000.0,4.0,1.0,200.0,0.0,200000000.0,1.0,1.0
4252,4.0,1000000.0,4.0,1.0,200.0,0.0,200000000.0,1.0,1.0
4253,4.0,1000000.0,4.0,1.0,200.0,0.0,200000000.0,1.0,1.0
4254,4.0,1000000.0,4.0,1.0,200.0,0.0,200000000.0,1.0,1.0
4255,4.0,1000000.0,4.0,1.0,200.0,0.0,200000000.0,1.0,1.0
4256,4.0,1000000.0,4.0,1.0,200.0,0.0,200000000.0,1.0,1.0
4257,4.0,1000000.0,4.0,1.0,200.0,0.0,200000000.0,1.0,1.0
4258,4.0,1000000.0,4.0,1.0,200.0,0.0,200000000.0,1.0,1.0
4259,4.0,1000000.0,4.0,1.0,200.0,0.0,200000000.0,1.0,1.0
4260,4.0,1000000.0,4.0,1.0,200.0,0.0,200000000.0,1.0,1.0
4261,4.0,1000000.0,4.0,1.0,200.0,0.0,200000000.0,1.0,1.0
4262,4.0,1000000.0,4.0,1.0,200.0,0.0,200000000.0,1.0,1.0
4263,4.0,1000000.0,4.0,1.0,200.0,0.0,200000000.0,1.0,1.0
4264,4.0,1000000.0,4.0,1.0,200.0,0.0,200000000.0,1.0,1.0
4265,4.0,1000000.0,4.0,1.0,200.0,0.0,200000000.0,1.0,1.0
4266,4.0,1000000.0,4.0,1.0,200.0,0.0,200000000.0,1.0,1.0
4267,4.0,1000000.0,4.0,1.0,200.0,0.0,200000000.0,1.0,1.0
4268,4.0,1000000.0,4.0,1.0,200.0,0.0,200000000.0,1.0,1.0
4269,4.0,1000000.0,4.0,1.0,200.0,0.0,200000000.0,1.0,1.0
4270,4.0,1000000.0,4.0,1.0,200.0,0.0,200000000.0,1.0,1.0
4271,4.0,1000000.0,4.0,1.0,200.0,0.0,200000000.0,1.0,1.0
4272,4.0,1000000.0,4.0,1.0,200.0,0.0,200000000.0,1.0,1.0
4273,4.0,1000000.0,4.0,1.0,200.0,0.0,200000000.0,1.0,1.0
4274,4.0,1000000.0,4.0,1.0,200.0,0.0,200000000.0,1.0,1.0
4275,4.0,1000000.0,4.0,1.0,200.0,0.0,200000000.0,1.0,1.0
4276,4.0,1000000.0,4.0,1.0,200.0,0.0,200000000.0,1.0,1.0
4277,4.0,1000000.0,4.0,1.0,200.0,0.0,200000000.0,1.0,1.0
4278,4.025,1000000.0,9.0,1.0,200.0,0.0,200000000.0,1.0,2.0
4279,4.0,1000000.0,4.0,1.0,201.0,0.0,201000000.0,1.0,1.0
4280,4.0,1000000.0,4.0,1.0,200.0,0.0,200000000.0,1.0,1.0
4281,4.0,1000000.0,4.0,1.0,200.0,0.0,200000000.0,1.0,1.0
4282,4.0,1000000.0,4.0,1.0,200.0,0.0,200000000.0,1.0,1.0
4283,4.0,1000000.0,4.0,1.0,200.0,0.0,200000000.0,1.0,1.0
4284,4.0,1000000.0,4.0,1.0,199.0,0.0,199000000.0,1.0,1.0
4285,4.0,1000000.0,4.0,1.0,201.0,0.0,201000000.0,1.0,1.0
4286,4.0,1000000.0,4.0,1.0,200.0,0.0,200000000.0,1.0,1.0
4287,4.0,1000000.0,4.0,1.0,200.0,0.0,200000000.0,1.0,1.0
4288,4.0,1000000.0,4.0,1.0,200.0,0.0,200000000.0,1.0,1.0
4289,4.0,1000000.0,4.0,1.0,200.0,0.0,200000000.0,1.0,1.0
4290,4.024875621890548,1000000.0,9.0,1.0,201.0,0.0,201000000.0,1.0,2.0
4291,4.0,1000000.0,4.0,1.0,200.0,0.0,200000000.0,1.0,1.0
4292,4.0,1000000.0,4.0,1.0,200.0,0.0,200000000.0,1.0,1.0
4293,4.0,1000000.0,4.0,1.0,200.0,0.0,200000000.0,1.0,1.0
4294,4.0,1000000.0,4.0,1.0,200.0,0.0,200000000.0,1.0,1.0
4295,4.019900497512438,1000000.0,8.0,1.0,201.0,0.0,201000000.0,1.0,2.0
4296,4.0,1000000.0,4.0,1.0,200.0,0.0,200000000.0,1.0,1.0
4297,4.0,1000000.0,4.0,1.0,200.0,0.0,200000000.0,1.0,1.0
4298,4.0,1000000.0,4.0,1.0,200.0,0.0,200000000.0,1.0,1.0
4299,4.0,1000000.0,4.0,1.0,200.0,0.0,200000000.0,1.0,1.0
4300,4.0,1000000.0,4.0,1.0,200.0,0.0,200000000.0,1.0,1.0
4301,4.0,1000000.0,4.0,1.0,200.0,0.0,200000000.0,1.0,1.0
4302,4.0,1000000.0,4.0,1.0,200.0,0.0,200000000.0,1.0,1.0
4303,4.0,1000000.0,4.0,1.0,200.0,0.0,200000000.0,1.0,1.0
4304,4.0,1000000.0,4.0,1.0,200.0,0.0,200000000.0,1.0,1.0
4305,4.0,1000000.0,4.0,1.0,200.0,0.0,200000000.0,1.0,1.0
4306,4.0,1000000.0,4.0,1.0,200.0,0.0,200000000.0,1.0,1.0
4307,4.0,1000000.0,4.0,1.0,200.0,0.0,200000000.0,1.0,1.0
4308,4.0,1000000.0,4.0,1.0,200.0,0.0,200000000.0,1.0,1.0
4309,4.0,1000000.0,4.0,1.0,200.0,0.0,200000000.0,1.0,1.0
4310,4.0,1000000.0,4.0,1.0,200.0,0.0,200000000.0,1.0,1.0
4311,4.0,1000000.0,4.0,1.0,200.0,0.0,200000000.0,1.0,1.0
4312,4.0,1000000.0,4.0,1.0,200.0,0.0,200000000.0,1.0,1.0
4313,4.0,1000000.0,4.0,1.0,200.0,0.0,200000000.0,1.0,1.0
4314,4.009950248756219,1000000.0,6.0,1.0,201.0,0.0,201000000.0,1.0,2.0
4315,4.0,1000000.0,4.0,1.0,200.0,0.0,200000000.0,1.0,1.0
4316,4.0,1000000.0,4.0,1.0,200.0,0.0,200000000.0,1.0,1.0
4317,4.0,1000000.0,4.0,1.0,200.0,0.0,200000000.0,1.0,1.0
4318,4.1,1000000.0,7.0,1.0,200.0,0.0,200000000.0,1.0,1.0
4319,4.0,1000000.0,4.0,1.0,200.0,0.0,200000000.0,1.0,1.0
4320,4.014925373134329,1000000.0,7.0,1.0,201.0,0.0,201000000.0,1.0,2.0
4321,4.0,1000000.0,4.0,1.0,200.0,0.0,200000000.0,1.0,1.0
4322,4.0,1000000.0,4.0,1.0,200.0,0.0,200000000.0,1.0,1.0
4323,4.0,1000000.0,4.0,1.0,200.0,0.0,200000000.0,1.0,1.0
4324,4.93,1000000.0,5.0,1.0,200.0,0.0,200000000.0,1.0,1.0
4325,5.0,1000000.0,5.0,1.0,200.0,0.0,200000000.0,1.0,1.0
4326,5.0049751243781095,1000000.0,6.0,1.0,201.0,0.0,201000000.0,1.0,2.0
4327,5.0,1000000.0,5.0,1.0,200.0,0.0,200000000.0,1.0,1.0
4328,5.0,1000000.0,5.0,1.0,200.0,0.0,200000000.0,1.0,1.0
4329,5.0,1000000.0,5.0,1.0,200.0,0.0,200000000.0,1.0,1.0
4330,5.0,1000000.0,5.0,1.0,200.0,0.0,200000000.0,1.0,1.0
4331,5.0,1000000.0,5.0,1.0,200.0,0.0,200000000.0,1.0,1.0
4332,5.0,1000000.0,5.0,1.0,200.0,0.0,200000000.0,1.0,1.0
4333,5.0,1000000.0,5.0,1.0,200.0,0.0,200000000.0,1.0,1.0
4334,5.0,1000000.0,5.0,1.0,200.0,0.0,200000000.0,1.0,1.0
4335,5.0,1000000.0,5.0,1.0,200.0,0.0,200000000.0,1.0,1.0
4336,5.0,1000000.0,5.0,1.0,200.0,0.0,200000000.0,1.0,1.0
4337,5.0,1000000.0,5.0,1.0,200.0,0.0,200000000.0,1.0,1.0
4338,5.0,1000000.0,5.0,1.0,200.0,0.0,200000000.0,1.0,1.0
4339,5.0,1000000.0,5.0,1.0,200.0,0.0,200000000.0,1.0,1.0
4340,5.0,1000000.0,5.0,1.0,200.0,0.0,200000000.0,1.0,1.0
4341,5.0,1000000.0,5.0,1.0,199.0,0.0,199000000.0,1.0,1.0
4342,5.0,1000000.0,5.0,1.0,201.0,0.0,201000000.0,1.0,1.0
4343,5.0,1000000.0,5.0,1.0,200.0,0.0,200000000.0,1.0,1.0
4344,5.0,1000000.0,5.0,1.0,200.0,0.0,200000000.0,1.0,1.0
4345,5.0,1000000.0,5.0,1.0,200.0,0.0,200000000.0,1.0,1.0
4346,5.0,1000000.0,5.0,1.0,200.0,0.0,200000000.0,1.0,1.0
4347,5.0,1000000.0,5.0,1.0,200.0,0.0,200000000.0,1.0,1.0
4348,5.0,1000000.0,5.0,1.0,200.0,0.0,200000000.0,1.0,1.0
4349,5.0,1000000.0,5.0,1.0,200.0,0.0,200000000.0,1.0,1.0
4350,5.0,1000000.0,5.0,1.0,200.0,0.0,200000000.0,1.0,1.0
4351,5.0,1000000.0,5.0,1.0,200.0,0.0,200000000.0,1.0,1.0
4352,5.0,1000000.0,5.0,1.0,200.0,0.0,200000000.0,1.0,1.0
4353,5.0,1000000.0,5.0,1.0,199.0,0.0,199000000.0,1.0,1.0
4354,5.01980198019802,1000000.0,9.0,1.0,202.0,0.0,202000000.0,1.0,2.0
4355,5.0,1000000.0,5.0,1.0,200.0,0.0,200000000.0,1.0,1.0
4356,5.019900497512438,1000000.0,9.0,1.0,201.0,0.0,201000000.0,1.0,2.0
4357,5.0,1000000.0,5.0,1.0,200.0,0.0,200000000.0,1.0,1.0
4358,5.0,1000000.0,5.0,1.0,200.0,0.0,200000000.0,1.0,1.0
4359,5.0,1000000.0,5.0,1.0,200.0,0.0,200000000.0,1.0,1.0
4360,5.0,1000000.0,5.0,1.0,200.0,0.0,200000000.0,1.0,1.0
4361,5.0,1000000.0,5.0,1.0,200.0,0.0,200000000.0,1.0,1.0
4362,5.0,1000000.0,5.0,1.0,200.0,0.0,200000000.0,1.0,1.0
4363,5.0,1000000.0,5.0,1.0,200.0,0.0,200000000.0,1.0,1.0
4364,5.0,1000000.0,5.0,1.0,200.0,0.0,200000000.0,1.0,1.0
4365,5.0,1000000.0,5.0,1.0,200.0,0.0,200000000.0,1.0,1.0
4366,5.0,1000000.0,5.0,1.0,200.0,0.0,200000000.0,1.0,1.0
4367,5.0,1000000.0,5.0,1.0,200.0,0.0,200000000.0,1.0,1.0
4368,5.0,1000000.0,5.0,1.0,200.0,0.0,200000000.0,1.0,1.0
4369,5.0,1000000.0,5.0,1.0,200.0,0.0,200000000.0,1.0,1.0
4370,5.0,1000000.0,5.0,1.0,200.0,0.0,200000000.0,1.0,1.0
4371,5.0,1000000.0,5.0,1.0,200.0,0.0,200000000.0,1.0,1.0
4372,5.0,1000000.0,5.0,1.0,200.0,0.0,200000000.0,1.0,1.0
4373,5.0,1000000.0,5.0,1.0,200.0,0.0,200000000.0,1.0,1.0
4374,5.0,1000000.0,5.0,1.0,200.0,0.0,200000000.0,1.0,1.0
4375,5.0,1000000.0,5.0,1.0,200.0,0.0,200000000.0,1.0,1.0
4376,5.0,1000000.0,5.0,1.0,200.0,0.0,200000000.0,1.0,1.0
4377,5.0,1000000.0,5.0,1.0,200.0,0.0,200000000.0,1.0,1.0
4378,5.0,1000000.0,5.0,1.0,200.0,0.0,200000000.0,1.0,1.0
4379,5.0,1000000.0,5.0,1.0,200.0,0.0,200000000.0,1.0,1.0
4380,5.0,1000000.0,5.0,1.0,200.0,0.0,200000000.0,1.0,1.0
4381,5.0,1000000.0,5.0,1.0,200.0,0.0,200000000.0,1.0,1.0
4382,5.0,1000000.0,5.0,1.0,200.0,0.0,200000000.0,1.0,1.0
4383,5.0,1000000.0,5.0,1.0,200.0,0.0,200000000.0,1.0,1.0
4384,5.0,1000000.0,5.0,1.0,200.0,0.0,200000000.0,1.0,1.0
4385,5.0,1000000.0,5.0,1.0,200.0,0.0,200000000.0,1.0,1.0
4386,5.0,1000000.0,5.0,1.0,200.0,0.0,200000000.0,1.0,1.0
4387,5.0,1000000.0,5.0,1.0,200.0,0.0,200000000.0,1.0,1.0
4388,5.0,1000000.0,5.0,1.0,200.0,0.0,200000000.0,1.0,1.0
4389,5.0,1000000.0,5.0,1.0,200.0,0.0,200000000.0,1.0,1.0
4390,5.0,1000000.0,5.0,1.0,200.0,0.0,200000000.0,1.0,1.0
4391,5.0,1000000.0,5.0,1.0,200.0,0.0,200000000.0,1.0,1.0
4392,5.0,1000000.0,5.0,1.0,200.0,0.0,200000000.0,1.0,1.0
4393,4.96,1000000.0,5.0,1.0,200.0,0.0,200000000.0,1.0,1.0
4394,4.965174129353234,1000000.0,7.0,1.0,201.0,0.0,201000000.0,1.0,2.0
4395,5.0,1000000.0,5.0,1.0,200.0,0.0,200000000.0,1.0,1.0
4396,5.0,1000000.0,5.0,1.0,200.0,0.0,200000000.0,1.0,1.0
4397,5.0,1000000.0,5.0,1.0,200.0,0.0,200000000.0,1.0,1.0
4398,5.0,1000000.0,5.0,1.0,200.0,0.0,200000000.0,1.0,1.0
4399,4.9950248756218905,1000000.0,5.0,1.0,201.0,0.0,201000000.0,1.0,2.0
4400,5.0,1000000.0,5.0,1.0,200.0,0.0,200000000.0,1.0,1.0
4401,5.0,1000000.0,5.0,1.0,200.0,0.0,200000000.0,1.0,1.0
4402,5.0,1000000.0,5.0,1.0,200.0,0.0,200000000.0,1.0,1.0
4403,5.25,1000000.0,7.0,1.0,200.0,0.0,200000000.0,1.0,1.0
4404,7.0,1000000.0,7.0,1.0,200.0,0.0,200000000.0,1.0,1.0
4405,7.0,1000000.0,7.0,1.0,200.0,0.0,200000000.0,1.0,1.0
4406,7.0,1000000.0,7.0,1.0,200.0,0.0,200000000.0,1.0,1.0
4407,7.0,1000000.0,7.0,1.0,200.0,0.0,200000000.0,1.0,1.0
4408,7.0,1000000.0,7.0,1.0,200.0,0.0,200000000.0,1.0,1.0
4409,7.0,1000000.0,7.0,1.0,199.0,0.0,199000000.0,1.0,1.0
4410,7.0,1000000.0,7.0,1.0,201.0,0.0,201000000.0,1.0,1.0
4411,6.985074626865671,1000000.0,7.0,1.0,201.0,0.0,201000000.0,1.0,2.0
4412,7.0,1000000.0,7.0,1.0,200.0,0.0,200000000.0,1.0,1.0
4413,7.0049751243781095,1000000.0,8.0,1.0,201.0,0.0,201000000.0,1.0,2.0
4414,7.0,1000000.0,7.0,1.0,200.0,0.0,200000000.0,1.0,1.0
4415,7.0,1000000.0,7.0,1.0,200.0,0.0,200000000.0,1.0,1.0
4416,7.0,1000000.0,7.0,1.0,200.0,0.0,200000000.0,1.0,1.0
4417,7.0,1000000.0,7.0,1.0,200.0,0.0,200000000.0,1.0,1.0
4418,7.0,1000000.0,7.0,1.0,200.0,0.0,200000000.0,1.0,1.0
4419,7.0,1000000.0,7.0,1.0,200.0,0.0,200000000.0,1.0,1.0
4420,7.0,1000000.0,7.0,1.0,200.0,0.0,200000000.0,1.0,1.0
4421,7.0,1000000.0,7.0,1.0,200.0,0.0,200000000.0,1.0,1.0
4422,7.0,1000000.0,7.0,1.0,200.0,0.0,200000000.0,1.0,1.0
4423,7.0,1000000.0,7.0,1.0,200.0,0.0,200000000.0,1.0,1.0
4424,7.0,1000000.0,7.0,1.0,200.0,0.0,200000000.0,1.0,1.0
4425,7.0,1000000.0,7.0,1.0,200.0,0.0,200000000.0,1.0,1.0
4426,7.0,1000000.0,7.0,1.0,200.0,0.0,200000000.0,1.0,1.0
4427,7.0,1000000.0,7.0,1.0,200.0,0.0,200000000.0,1.0,1.0
4428,7.0,1000000.0,7.0,1.0,200.0,0.0,200000000.0,1.0,1.0
4429,7.0,1000000.0,7.0,1.0,200.0,0.0,200000000.0,1.0,1.0
4430,7.0,1000000.0,7.0,1.0,200.0,0.0,200000000.0,1.0,1.0
4431,7.0,1000000.0,7.0,1.0,200.0,0.0,200000000.0,1.0,1.0
4432,7.0,1000000.0,7.0,1.0,200.0,0.0,200000000.0,1.0,1.0
4433,7.0,1000000.0,7.0,1.0,200.0,0.0,200000000.0,1.0,1.0
4434,7.0,1000000.0,7.0,1.0,200.0,0.0,200000000.0,1.0,1.0
4435,7.0,1000000.0,7.0,1.0,200.0,0.0,200000000.0,1.0,1.0
4436,7.0,1000000.0,7.0,1.0,200.0,0.0,200000000.0,1.0,1.0
4437,7.0,1000000.0,7.0,1.0,200.0,0.0,200000000.0,1.0,1.0
4438,7.0,1000000.0,7.0,1.0,200.0,0.0,200000000.0,1.0,1.0
4439,7.0,1000000.0,7.0,1.0,200.0,0.0,200000000.0,1.0,1.0
4440,7.0,1000000.0,7.0,1.0,200.0,0.0,200000000.0,1.0,1.0
4441,7.0,1000000.0,7.0,1.0,200.0,0.0,200000000.0,1.0,1.0
4442,7.0,1000000.0,7.0,1.0,200.0,0.0,200000000.0,1.0,1.0
4443,7.0049751243781095,1000000.0,8.0,1.0,201.0,0.0,201000000.0,1.0,2.0
4444,7.0,1000000.0,7.0,1.0,200.0,0.0,200000000.0,1.0,1.0
4445,7.0,1000000.0,7.0,1.0,200.0,0.0,200000000.0,1.0,1.0
4446,7.0,1000000.0,7.0,1.0,200.0,0.0,200000000.0,1.0,1.0
4447,7.0,1000000.0,7.0,1.0,200.0,0.0,200000000.0,1.0,1.0
4448,7.0,1000000.0,7.0,1.0,199.0,0.0,199000000.0,1.0,1.0
4449,7.0,1000000.0,7.0,1.0,201.0,0.0,201000000.0,1.0,1.0
4450,7.0,1000000.0,7.0,1.0,200.0,0.0,200000000.0,1.0,1.0
4451,7.0,1000000.0,7.0,1.0,200.0,0.0,200000000.0,1.0,1.0
4452,7.0,1000000.0,7.0,1.0,200.0,0.0,200000000.0,1.0,1.0
4453,7.0,1000000.0,7.0,1.0,200.0,0.0,200000000.0,1.0,1.0
4454,7.0,1000000.0,7.0,1.0,200.0,0.0,200000000.0,1.0,1.0
4455,6.985074626865671,1000000.0,7.0,1.0,201.0,0.0,201000000.0,1.0,2.0
4456,7.0,1000000.0,7.0,1.0,200.0,0.0,200000000.0,1.0,1.0
4457,7.0,1000000.0,7.0,1.0,200.0,0.0,200000000.0,1.0,1.0
4458,7.0,1000000.0,7.0,1.0,200.0,0.0,200000000.0,1.0,1.0
4459,7.0,1000000.0,7.0,1.0,200.0,0.0,200000000.0,1.0,1.0
4460,7.0,1000000.0,7.0,1.0,200.0,0.0,200000000.0,1.0,1.0
4461,7.0,1000000.0,7.0,1.0,200.0,0.0,200000000.0,1.0,1.0
4462,7.0,1000000.0,7.0,1.0,200.0,0.0,200000000.0,1.0,1.0
4463,7.0,1000000.0,7.0,1.0,200.0,0.0,200000000.0,1.0,1.0
4464,7.0,1000000.0,7.0,1.0,200.0,0.0,200000000.0,1.0,1.0
4465,7.0,1000000.0,7.0,1.0,200.0,0.0,200000000.0,1.0,1.0
4466,7.0,1000000.0,7.0,1.0,200.0,0.0,200000000.0,1.0,1.0
4467,7.0,1000000.0,7.0,1.0,200.0,0.0,200000000.0,1.0,1.0
4468,7.0,1000000.0,7.0,1.0,200.0,0.0,200000000.0,1.0,1.0
4469,6.93,1000000.0,7.0,1.0,200.0,0.0,200000000.0,1.0,1.0
4470,6.94,1000000.0,7.0,1.0,200.0,0.0,200000000.0,1.0,1.0
4471,6.990049751243781,1000000.0,7.0,1.0,201.0,0.0,201000000.0,1.0,2.0
4472,7.0,1000000.0,7.0,1.0,200.0,0.0,200000000.0,1.0,1.0
4473,6.2,1000000.0,7.0,1.0,200.0,0.0,200000000.0,1.0,1.0
4474,5.44,1000000.0,6.0,1.0,200.0,0.0,200000000.0,1.0,1.0
4475,6.0,1000000.0,6.0,1.0,200.0,0.0,200000000.0,1.0,1.0
4476,6.0,1000000.0,6.0,1.0,200.0,0.0,200000000.0,1.0,1.0
4477,6.0,1000000.0,6.0,1.0,200.0,0.0,200000000.0,1.0,1.0
4478,6.0,1000000.0,6.0,1.0,200.0,0.0,200000000.0,1.0,1.0
4479,6.0,1000000.0,6.0,1.0,200.0,0.0,200000000.0,1.0,1.0
4480,6.0,1000000.0,6.0,1.0,200.0,0.0,200000000.0,1.0,1.0
4481,6.0,1000000.0,6.0,1.0,200.0,0.0,200000000.0,1.0,1.0
4482,5.48,1000000.0,6.0,1.0,200.0,0.0,200000000.0,1.0,1.0
4483,5.0,1000000.0,5.0,1.0,200.0,0.0,200000000.0,1.0,1.0
4484,5.0,1000000.0,5.0,1.0,200.0,0.0,200000000.0,1.0,1.0
4485,5.0,1000000.0,5.0,1.0,200.0,0.0,200000000.0,1.0,1.0
4486,5.0,1000000.0,5.0,1.0,200.0,0.0,200000000.0,1.0,1.0
4487,5.0,1000000.0,5.0,1.0,200.0,0.0,200000000.0,1.0,1.0
4488,5.0,1000000.0,5.0,1.0,200.0,0.0,200000000.0,1.0,1.0
4489,5.0,1000000.0,5.0,1.0,200.0,0.0,200000000.0,1.0,1.0
4490,5.0,1000000.0,5.0,1.0,200.0,0.0,200000000.0,1.0,1.0
4491,5.0,1000000.0,5.0,1.0,200.0,0.0,200000000.0,1.0,1.0
4492,5.0,1000000.0,5.0,1.0,200.0,0.0,200000000.0,1.0,1.0
4493,5.0,1000000.0,5.0,1.0,200.0,0.0,200000000.0,1.0,1.0
4494,5.0,1000000.0,5.0,1.0,200.0,0.0,200000000.0,1.0,1.0
4495,5.0,1000000.0,5.0,1.0,200.0,0.0,200000000.0,1.0,1.0
4496,5.0,1000000.0,5.0,1.0,200.0,0.0,200000000.0,1.0,1.0
4497,9.8,1000000.0,10.0,1.0,200.0,0.0,200000000.0,1.0,1.0
4498,10.0,1000000.0,10.0,1.0,200.0,0.0,200000000.0,1.0,1.0
4499,10.0,1000000.0,10.0,1.0,200.0,0.0,200000000.0,1.0,1.0
4500,10.0,1000000.0,10.0,1.0,200.0,0.0,200000000.0,1.0,1.0
4501,10.0,1000000.0,10.0,1.0,200.0,0.0,200000000.0,1.0,1.0
4502,9.99004975124378,1000000.0,10.0,1.0,201.0,0.0,201000000.0,1.0,2.0
4503,10.0,1000000.0,10.0,1.0,200.0,0.0,200000000.0,1.0,1.0
4504,10.0,1000000.0,10.0,1.0,200.0,0.0,200000000.0,1.0,1.0
4505,10.0,1000000.0,10.0,1.0,200.0,0.0,200000000.0,1.0,1.0
4506,10.0,1000000.0,10.0,1.0,200.0,0.0,200000000.0,1.0,1.0
4507,10.0,1000000.0,10.0,1.0,200.0,0.0,200000000.0,1.0,1.0
4508,10.0,1000000.0,10.0,1.0,200.0,0.0,200000000.0,1.0,1.0
4509,10.0,1000000.0,10.0,1.0,200.0,0.0,200000000.0,1.0,1.0
4510,10.0,1000000.0,10.0,1.0,200.0,0.0,200000000.0,1.0,1.0
4511,10.0,1000000.0,10.0,1.0,200.0,0.0,200000000.0,1.0,1.0
4512,10.0,1000000.0,10.0,1.0,200.0,0.0,200000000.0,1.0,1.0
4513,10.0,1000000.0,10.0,1.0,200.0,0.0,200000000.0,1.0,1.0
4514,10.0,1000000.0,10.0,1.0,200.0,0.0,200000000.0,1.0,1.0
4515,10.0,1000000.0,10.0,1.0,200.0,0.0,200000000.0,1.0,1.0
4516,10.0,1000000.0,10.0,1.0,200.0,0.0,200000000.0,1.0,1.0
4517,10.0,1000000.0,10.0,1.0,200.0,0.0,200000000.0,1.0,1.0
4518,10.0,1000000.0,10.0,1.0,200.0,0.0,200000000.0,1.0,1.0
4519,10.0,1000000.0,10.0,1.0,200.0,0.0,200000000.0,1.0,1.0
4520,9.755,1000000.0,10.0,1.0,200.0,0.0,200000000.0,1.0,1.0
4521,9.0,1000000.0,9.0,1.0,200.0,0.0,200000000.0,1.0,1.0
4522,9.0,1000000.0,9.0,1.0,200.0,0.0,200000000.0,1.0,1.0
4523,9.014925373134329,1000000.0,10.0,1.0,201.0,0.0,201000000.0,1.0,2.0
4524,10.0,1000000.0,10.0,1.0,200.0,0.0,200000000.0,1.0,1.0
4525,10.0,1000000.0,10.0,1.0,200.0,0.0,200000000.0,1.0,1.0
4526,10.0,1000000.0,10.0,1.0,200.0,0.0,200000000.0,1.0,1.0
4527,10.0,1000000.0,10.0,1.0,200.0,0.0,200000000.0,1.0,1.0
4528,10.0,1000000.0,10.0,1.0,200.0,0.0,200000000.0,1.0,1.0
4529,10.0,1000000.0,10.0,1.0,200.0,0.0,200000000.0,1.0,1.0
4530,10.0,1000000.0,10.0,1.0,200.0,0.0,200000000.0,1.0,1.0
4531,10.0,1000000.0,10.0,1.0,200.0,0.0,200000000.0,1.0,1.0
4532,10.0,1000000.0,10.0,1.0,200.0,0.0,200000000.0,1.0,1.0
4533,10.0,1000000.0,10.0,1.0,200.0,0.0,200000000.0,1.0,1.0
4534,10.0,1000000.0,10.0,1.0,200.0,0.0,200000000.0,1.0,1.0
4535,10.0,1000000.0,10.0,1.0,200.0,0.0,200000000.0,1.0,1.0
4536,10.0,1000000.0,10.0,1.0,200.0,0.0,200000000.0,1.0,1.0
4537,10.0,1000000.0,10.0,1.0,200.0,0.0,200000000.0,1.0,1.0
4538,9.975124378109452,1000000.0,10.0,1.0,201.0,0.0,201000000.0,1.0,2.0
4539,10.0,1000000.0,10.0,1.0,200.0,0.0,200000000.0,1.0,1.0
4540,10.0,1000000.0,10.0,1.0,200.0,0.0,200000000.0,1.0,1.0
4541,10.0,1000000.0,10.0,1.0,200.0,0.0,200000000.0,1.0,1.0
4542,10.0,1000000.0,10.0,1.0,200.0,0.0,200000000.0,1.0,1.0
4543,10.0,1000000.0,10.0,1.0,200.0,0.0,200000000.0,1.0,1.0
4544,10.0,1000000.0,10.0,1.0,200.0,0.0,200000000.0,1.0,1.0
4545,10.0,1000000.0,10.0,1.0,200.0,0.0,200000000.0,1.0,1.0
4546,10.0,1000000.0,10.0,1.0,200.0,0.0,200000000.0,1.0,1.0
4547,10.0,1000000.0,10.0,1.0,200.0,0.0,200000000.0,1.0,1.0
4548,10.0,1000000.0,10.0,1.0,200.0,0.0,200000000.0,1.0,1.0
4549,10.0,1000000.0,10.0,1.0,200.0,0.0,200000000.0,1.0,1.0
4550,10.0,1000000.0,10.0,1.0,200.0,0.0,200000000.0,1.0,1.0
4551,10.0,1000000.0,10.0,1.0,200.0,0.0,200000000.0,1.0,1.0
4552,10.0,1000000.0,10.0,1.0,200.0,0.0,200000000.0,1.0,1.0
4553,10.0,1000000.0,10.0,1.0,200.0,0.0,200000000.0,1.0,1.0
4554,10.0,1000000.0,10.0,1.0,200.0,0.0,200000000.0,1.0,1.0
4555,10.0,1000000.0,10.0,1.0,200.0,0.0,200000000.0,1.0,1.0
4556,10.0,1000000.0,10.0,1.0,200.0,0.0,200000000.0,1.0,1.0
4557,10.0,1000000.0,10.0,1.0,200.0,0.0,200000000.0,1.0,1.0
4558,10.0,1000000.0,10.0,1.0,200.0,0.0,200000000.0,1.0,1.0
4559,10.0,1000000.0,10.0,1.0,200.0,0.0,200000000.0,1.0,1.0
4560,10.0,1000000.0,10.0,1.0,200.0,0.0,200000000.0,1.0,1.0
4561,10.0,1000000.0,10.0,1.0,200.0,0.0,200000000.0,1.0,1.0
4562,10.0,1000000.0,10.0,1.0,200.0,0.0,200000000.0,1.0,1.0
4563,10.0,1000000.0,10.0,1.0,200.0,0.0,200000000.0,1.0,1.0
4564,10.0,1000000.0,10.0,1.0,200.0,0.0,200000000.0,1.0,1.0
4565,10.0,1000000.0,10.0,1.0,200.0,0.0,200000000.0,1.0,1.0
4566,10.0,1000000.0,10.0,1.0,200.0,0.0,200000000.0,1.0,1.0
4567,10.0,1000000.0,10.0,1.0,200.0,0.0,200000000.0,1.0,1.0
4568,10.0,1000000.0,10.0,1.0,200.0,0.0,200000000.0,1.0,1.0
4569,10.0,1000000.0,10.0,1.0,200.0,0.0,200000000.0,1.0,1.0
4570,10.0,1000000.0,10.0,1.0,200.0,0.0,200000000.0,1.0,1.0
4571,8.84,1000000.0,11.0,1.0,200.0,0.0,200000000.0,1.0,1.0
4572,8.0,1000000.0,8.0,1.0,200.0,0.0,200000000.0,1.0,1.0
4573,8.14,1000000.0,10.0,1.0,200.0,0.0,200000000.0,1.0,1.0
4574,10.0,1000000.0,10.0,1.0,200.0,0.0,200000000.0,1.0,1.0
4575,10.0,1000000.0,10.0,1.0,200.0,0.0,200000000.0,1.0,1.0
4576,10.0,1000000.0,10.0,1.0,200.0,0.0,200000000.0,1.0,1.0
4577,10.0,1000000.0,10.0,1.0,200.0,0.0,200000000.0,1.0,1.0
4578,10.0,1000000.0,10.0,1.0,200.0,0.0,200000000.0,1.0,1.0
4579,10.0,1000000.0,10.0,1.0,200.0,0.0,200000000.0,1.0,1.0
4580,10.0,1000000.0,10.0,1.0,200.0,0.0,200000000.0,1.0,1.0
4581,10.0,1000000.0,10.0,1.0,200.0,0.0,200000000.0,1.0,1.0
4582,10.0,1000000.0,10.0,1.0,200.0,0.0,200000000.0,1.0,1.0
4583,10.0,1000000.0,10.0,1.0,200.0,0.0,200000000.0,1.0,1.0
4584,10.0,1000000.0,10.0,1.0,200.0,0.0,200000000.0,1.0,1.0
4585,10.0,1000000.0,10.0,1.0,200.0,0.0,200000000.0,1.0,1.0
4586,10.0,1000000.0,10.0,1.0,200.0,0.0,200000000.0,1.0,1.0
4587,10.0,1000000.0,10.0,1.0,200.0,0.0,200000000.0,1.0,1.0
4588,10.0,1000000.0,10.0,1.0,200.0,0.0,200000000.0,1.0,1.0
4589,10.0,1000000.0,10.0,1.0,200.0,0.0,200000000.0,1.0,1.0
4590,9.99004975124378,1000000.0,10.0,1.0,201.0,0.0,201000000.0,1.0,2.0
4591,10.0,1000000.0,10.0,1.0,200.0,0.0,200000000.0,1.0,1.0
4592,10.0,1000000.0,10.0,1.0,200.0,0.0,200000000.0,1.0,1.0
4593,10.0,1000000.0,10.0,1.0,200.0,0.0,200000000.0,1.0,1.0
4594,10.0,1000000.0,10.0,1.0,200.0,0.0,200000000.0,1.0,1.0
4595,10.0,1000000.0,10.0,1.0,200.0,0.0,200000000.0,1.0,1.0
4596,9.57,1000000.0,11.0,1.0,200.0,0.0,200000000.0,1.0,1.0
4597,9.0,1000000.0,9.0,1.0,200.0,0.0,200000000.0,1.0,1.0
4598,9.0,1000000.0,9.0,1.0,200.0,0.0,200000000.0,1.0,1.0
4599,9.0,1000000.0,9.0,1.0,200.0,0.0,200000000.0,1.0,1.0
4600,9.0,1000000.0,9.0,1.0,200.0,0.0,200000000.0,1.0,1.0
4601,9.0,1000000.0,9.0,1.0,200.0,0.0,200000000.0,1.0,1.0
4602,8.975124378109452,1000000.0,9.0,1.0,201.0,0.0,201000000.0,1.0,2.0
4603,8.980099502487562,1000000.0,9.0,1.0,201.0,0.0,201000000.0,1.0,2.0
4604,9.0,1000000.0,9.0,1.0,200.0,0.0,200000000.0,1.0,1.0
4605,9.0,1000000.0,9.0,1.0,200.0,0.0,200000000.0,1.0,1.0
4606,9.0,1000000.0,9.0,1.0,200.0,0.0,200000000.0,1.0,1.0
4607,9.0,1000000.0,9.0,1.0,200.0,0.0,200000000.0,1.0,1.0
4608,9.0,1000000.0,9.0,1.0,200.0,0.0,200000000.0,1.0,1.0
4609,9.0,1000000.0,9.0,1.0,200.0,0.0,200000000.0,1.0,1.0
4610,9.0,1000000.0,9.0,1.0,200.0,0.0,200000000.0,1.0,1.0
4611,9.0,1000000.0,9.0,1.0,200.0,0.0,200000000.0,1.0,1.0
4612,9.0,1000000.0,9.0,1.0,200.0,0.0,200000000.0,1.0,1.0
4613,9.0,1000000.0,9.0,1.0,200.0,0.0,200000000.0,1.0,1.0
4614,9.0,1000000.0,9.0,1.0,200.0,0.0,200000000.0,1.0,1.0
4615,9.0,1000000.0,9.0,1.0,200.0,0.0,200000000.0,1.0,1.0
4616,9.0,1000000.0,9.0,1.0,200.0,0.0,200000000.0,1.0,1.0
4617,9.0,1000000.0,9.0,1.0,200.0,0.0,200000000.0,1.0,1.0
4618,9.0,1000000.0,9.0,1.0,200.0,0.0,200000000.0,1.0,1.0
4619,9.0,1000000.0,9.0,1.0,200.0,0.0,200000000.0,1.0,1.0
4620,9.0,1000000.0,9.0,1.0,200.0,0.0,200000000.0,1.0,1.0
4621,8.990049751243781,1000000.0,9.0,1.0,201.0,0.0,201000000.0,1.0,2.0
4622,9.0,1000000.0,9.0,1.0,200.0,0.0,200000000.0,1.0,1.0
4623,9.0,1000000.0,9.0,1.0,200.0,0.0,200000000.0,1.0,1.0
4624,9.0,1000000.0,9.0,1.0,200.0,0.0,200000000.0,1.0,1.0
4625,9.0,1000000.0,9.0,1.0,200.0,0.0,200000000.0,1.0,1.0
4626,9.0,1000000.0,9.0,1.0,200.0,0.0,200000000.0,1.0,1.0
4627,8.980099502487562,1000000.0,9.0,1.0,201.0,0.0,201000000.0,1.0,2.0
4628,9.0,1000000.0,9.0,1.0,200.0,0.0,200000000.0,1.0,1.0
4629,9.0,1000000.0,9.0,1.0,199.0,0.0,199000000.0,1.0,1.0
4630,9.0,1000000.0,9.0,1.0,201.0,0.0,201000000.0,1.0,1.0
4631,9.0,1000000.0,9.0,1.0,200.0,0.0,200000000.0,1.0,1.0
4632,9.0,1000000.0,9.0,1.0,200.0,0.0,200000000.0,1.0,1.0
4633,9.0,1000000.0,9.0,1.0,200.0,0.0,200000000.0,1.0,1.0
4634,9.0,1000000.0,9.0,1.0,200.0,0.0,200000000.0,1.0,1.0
4635,9.0,1000000.0,9.0,1.0,199.0,0.0,199000000.0,1.0,1.0
4636,9.0,1000000.0,9.0,1.0,201.0,0.0,201000000.0,1.0,1.0
4637,9.0,1000000.0,9.0,1.0,200.0,0.0,200000000.0,1.0,1.0
4638,9.0,1000000.0,9.0,1.0,200.0,0.0,200000000.0,1.0,1.0
4639,8.24,1000000.0,9.0,1.0,200.0,0.0,200000000.0,1.0,1.0
4640,8.0,1000000.0,8.0,1.0,200.0,0.0,200000000.0,1.0,1.0
4641,8.0,1000000.0,8.0,1.0,200.0,0.0,200000000.0,1.0,1.0
4642,8.0,1000000.0,8.0,1.0,200.0,0.0,200000000.0,1.0,1.0
4643,8.0,1000000.0,8.0,1.0,200.0,0.0,200000000.0,1.0,1.0
4644,8.0,1000000.0,8.0,1.0,200.0,0.0,200000000.0,1.0,1.0
4645,8.0,1000000.0,8.0,1.0,200.0,0.0,200000000.0,1.0,1.0
4646,8.00497512437811,1000000.0,9.0,1.0,201.0,0.0,201000000.0,1.0,2.0
4647,9.02,1000000.0,10.0,1.0,200.0,0.0,200000000.0,1.0,1.0
4648,10.0,1000000.0,10.0,1.0,200.0,0.0,200000000.0,1.0,1.0
4649,10.0,1000000.0,10.0,1.0,200.0,0.0,200000000.0,1.0,1.0
4650,10.0,1000000.0,10.0,1.0,200.0,0.0,200000000.0,1.0,1.0
4651,10.0,1000000.0,10.0,1.0,200.0,0.0,200000000.0,1.0,1.0
4652,10.0,1000000.0,10.0,1.0,200.0,0.0,200000000.0,1.0,1.0
4653,10.0,1000000.0,10.0,1.0,200.0,0.0,200000000.0,1.0,1.0
4654,10.0,1000000.0,10.0,1.0,200.0,0.0,200000000.0,1.0,1.0
4655,10.0,1000000.0,10.0,1.0,200.0,0.0,200000000.0,1.0,1.0
4656,10.0,1000000.0,10.0,1.0,200.0,0.0,200000000.0,1.0,1.0
4657,10.0,1000000.0,10.0,1.0,200.0,0.0,200000000.0,1.0,1.0
4658,10.0,1000000.0,10.0,1.0,200.0,0.0,200000000.0,1.0,1.0
4659,10.0,1000000.0,10.0,1.0,200.0,0.0,200000000.0,1.0,1.0
4660,10.0,1000000.0,10.0,1.0,200.0,0.0,200000000.0,1.0,1.0
4661,9.79,1000000.0,10.0,1.0,200.0,0.0,200000000.0,1.0,1.0
4662,8.0,1000000.0,8.0,1.0,200.0,0.0,200000000.0,1.0,1.0
4663,8.0,1000000.0,8.0,1.0,200.0,0.0,200000000.0,1.0,1.0
4664,8.0,1000000.0,8.0,1.0,200.0,0.0,200000000.0,1.0,1.0
4665,8.00497512437811,1000000.0,9.0,1.0,201.0,0.0,201000000.0,1.0,2.0
4666,8.0,1000000.0,8.0,1.0,200.0,0.0,200000000.0,1.0,1.0
4667,8.0,1000000.0,8.0,1.0,200.0,0.0,200000000.0,1.0,1.0
4668,8.0,1000000.0,8.0,1.0,200.0,0.0,200000000.0,1.0,1.0
4669,8.0,1000000.0,8.0,1.0,200.0,0.0,200000000.0,1.0,1.0
4670,8.0,1000000.0,8.0,1.0,200.0,0.0,200000000.0,1.0,1.0
4671,8.0,1000000.0,8.0,1.0,200.0,0.0,200000000.0,1.0,1.0
4672,8.21,1000000.0,11.0,1.0,200.0,0.0,200000000.0,1.0,1.0
4673,9.8,1000000.0,10.0,1.0,200.0,0.0,200000000.0,1.0,1.0
4674,10.0,1000000.0,10.0,1.0,200.0,0.0,200000000.0,1.0,1.0
4675,9.17910447761194,1000000.0,10.0,1.0,201.0,0.0,201000000.0,1.0,2.0
4676,9.0,1000000.0,9.0,1.0,200.0,0.0,200000000.0,1.0,1.0
4677,9.0,1000000.0,9.0,1.0,200.0,0.0,200000000.0,1.0,1.0
4678,9.0,1000000.0,9.0,1.0,200.0,0.0,200000000.0,1.0,1.0
4679,9.0,1000000.0,9.0,1.0,200.0,0.0,200000000.0,1.0,1.0
4680,9.0,1000000.0,9.0,1.0,200.0,0.0,200000000.0,1.0,1.0
4681,9.0,1000000.0,9.0,1.0,200.0,0.0,200000000.0,1.0,1.0
4682,9.0,1000000.0,9.0,1.0,200.0,0.0,200000000.0,1.0,1.0
4683,9.0,1000000.0,9.0,1.0,200.0,0.0,200000000.0,1.0,1.0
4684,9.0,1000000.0,9.0,1.0,200.0,0.0,200000000.0,1.0,1.0
4685,8.975124378109452,1000000.0,9.0,1.0,201.0,0.0,201000000.0,1.0,2.0
4686,9.0,1000000.0,9.0,1.0,200.0,0.0,200000000.0,1.0,1.0
4687,9.0,1000000.0,9.0,1.0,200.0,0.0,200000000.0,1.0,1.0
4688,9.0,1000000.0,9.0,1.0,200.0,0.0,200000000.0,1.0,1.0
4689,9.0,1000000.0,9.0,1.0,200.0,0.0,200000000.0,1.0,1.0
4690,9.0,1000000.0,9.0,1.0,200.0,0.0,200000000.0,1.0,1.0
4691,9.0,1000000.0,9.0,1.0,200.0,0.0,200000000.0,1.0,1.0
4692,9.0,1000000.0,9.0,1.0,200.0,0.0,200000000.0,1.0,1.0
4693,9.0,1000000.0,9.0,1.0,200.0,0.0,200000000.0,1.0,1.0
4694,9.0,1000000.0,9.0,1.0,200.0,0.0,200000000.0,1.0,1.0
4695,8.980099502487562,1000000.0,9.0,1.0,201.0,0.0,201000000.0,1.0,2.0
4696,9.0,1000000.0,9.0,1.0,200.0,0.0,200000000.0,1.0,1.0
4697,9.0,1000000.0,9.0,1.0,200.0,0.0,200000000.0,1.0,1.0
4698,9.0,1000000.0,9.0,1.0,200.0,0.0,200000000.0,1.0,1.0
4699,9.0,1000000.0,9.0,1.0,200.0,0.0,200000000.0,1.0,1.0
4700,9.0,1000000.0,9.0,1.0,200.0,0.0,200000000.0,1.0,1.0
4701,8.975124378109452,1000000.0,9.0,1.0,201.0,0.0,201000000.0,1.0,2.0
4702,9.0,1000000.0,9.0,1.0,200.0,0.0,200000000.0,1.0,1.0
4703,9.0,1000000.0,9.0,1.0,200.0,0.0,200000000.0,1.0,1.0
4704,9.0,1000000.0,9.0,1.0,200.0,0.0,200000000.0,1.0,1.0
4705,9.0,1000000.0,9.0,1.0,200.0,0.0,200000000.0,1.0,1.0
4706,9.0,1000000.0,9.0,1.0,200.0,0.0,200000000.0,1.0,1.0
4707,9.0,1000000.0,9.0,1.0,200.0,0.0,200000000.0,1.0,1.0
4708,8.975124378109452,1000000.0,9.0,1.0,201.0,0.0,201000000.0,1.0,2.0
4709,9.0,1000000.0,9.0,1.0,200.0,0.0,200000000.0,1.0,1.0
4710,9.0,1000000.0,9.0,1.0,200.0,0.0,200000000.0,1.0,1.0
4711,9.0,1000000.0,9.0,1.0,200.0,0.0,200000000.0,1.0,1.0
4712,9.0,1000000.0,9.0,1.0,200.0,0.0,200000000.0,1.0,1.0
4713,9.0,1000000.0,9.0,1.0,200.0,0.0,200000000.0,1.0,1.0
4714,9.0,1000000.0,9.0,1.0,200.0,0.0,200000000.0,1.0,1.0
4715,9.0,1000000.0,9.0,1.0,200.0,0.0,200000000.0,1.0,1.0
4716,9.0,1000000.0,9.0,1.0,200.0,0.0,200000000.0,1.0,1.0
4717,9.0,1000000.0,9.0,1.0,200.0,0.0,200000000.0,1.0,1.0
4718,9.0,1000000.0,9.0,1.0,200.0,0.0,200000000.0,1.0,1.0
4719,9.00497512437811,1000000.0,10.0,1.0,201.0,0.0,201000000.0,1.0,2.0
4720,9.0,1000000.0,9.0,1.0,200.0,0.0,200000000.0,1.0,1.0
4721,9.0,1000000.0,9.0,1.0,200.0,0.0,200000000.0,1.0,1.0
4722,9.0,1000000.0,9.0,1.0,200.0,0.0,200000000.0,1.0,1.0
4723,8.84,1000000.0,11.0,1.0,200.0,0.0,200000000.0,1.0,1.0
4724,8.0,1000000.0,8.0,1.0,200.0,0.0,200000000.0,1.0,1.0
4725,8.009950248756219,1000000.0,10.0,1.0,201.0,0.0,201000000.0,1.0,2.0
4726,8.0,1000000.0,8.0,1.0,200.0,0.0,200000000.0,1.0,1.0
4727,8.0,1000000.0,8.0,1.0,200.0,0.0,200000000.0,1.0,1.0
4728,8.0,1000000.0,8.0,1.0,200.0,0.0,200000000.0,1.0,1.0
4729,8.0,1000000.0,8.0,1.0,200.0,0.0,200000000.0,1.0,1.0
4730,8.0,1000000.0,8.0,1.0,200.0,0.0,200000000.0,1.0,1.0
4731,8.0,1000000.0,8.0,1.0,200.0,0.0,200000000.0,1.0,1.0
4732,8.0,1000000.0,8.0,1.0,200.0,0.0,200000000.0,1.0,1.0
4733,8.0,1000000.0,8.0,1.0,200.0,0.0,200000000.0,1.0,1.0
4734,8.0,1000000.0,8.0,1.0,200.0,0.0,200000000.0,1.0,1.0
4735,8.0,1000000.0,8.0,1.0,200.0,0.0,200000000.0,1.0,1.0
4736,8.0,1000000.0,8.0,1.0,200.0,0.0,200000000.0,1.0,1.0
4737,8.0,1000000.0,8.0,1.0,200.0,0.0,200000000.0,1.0,1.0
4738,8.0,1000000.0,8.0,1.0,200.0,0.0,200000000.0,1.0,1.0
4739,8.0,1000000.0,8.0,1.0,200.0,0.0,200000000.0,1.0,1.0
4740,8.0,1000000.0,8.0,1.0,200.0,0.0,200000000.0,1.0,1.0
4741,8.0,1000000.0,8.0,1.0,200.0,0.0,200000000.0,1.0,1.0
4742,8.009950248756219,1000000.0,10.0,1.0,201.0,0.0,201000000.0,1.0,2.0
4743,8.0,1000000.0,8.0,1.0,200.0,0.0,200000000.0,1.0,1.0
4744,8.0,1000000.0,8.0,1.0,200.0,0.0,200000000.0,1.0,1.0
4745,8.0,1000000.0,8.0,1.0,200.0,0.0,200000000.0,1.0,1.0
4746,8.0,1000000.0,8.0,1.0,200.0,0.0,200000000.0,1.0,1.0
4747,8.0,1000000.0,8.0,1.0,200.0,0.0,200000000.0,1.0,1.0
4748,8.215,1000000.0,11.0,1.0,200.0,0.0,200000000.0,1.0,1.0
4749,8.0,1000000.0,8.0,1.0,200.0,0.0,200000000.0,1.0,1.0
4750,8.0,1000000.0,8.0,1.0,199.0,0.0,199000000.0,1.0,1.0
4751,8.0,1000000.0,8.0,1.0,201.0,0.0,201000000.0,1.0,1.0
4752,8.0,1000000.0,8.0,1.0,200.0,0.0,200000000.0,1.0,1.0
4753,8.0,1000000.0,8.0,1.0,200.0,0.0,200000000.0,1.0,1.0
4754,8.0,1000000.0,8.0,1.0,200.0,0.0,200000000.0,1.0,1.0
4755,8.0,1000000.0,8.0,1.0,200.0,0.0,200000000.0,1.0,1.0
4756,8.0,1000000.0,8.0,1.0,200.0,0.0,200000000.0,1.0,1.0
4757,8.0,1000000.0,8.0,1.0,200.0,0.0,200000000.0,1.0,1.0
4758,8.0,1000000.0,8.0,1.0,200.0,0.0,200000000.0,1.0,1.0
4759,8.0,1000000.0,8.0,1.0,200.0,0.0,200000000.0,1.0,1.0
4760,8.0,1000000.0,8.0,1.0,200.0,0.0,200000000.0,1.0,1.0
4761,8.0,1000000.0,8.0,1.0,200.0,0.0,200000000.0,1.0,1.0
4762,7.985074626865671,1000000.0,8.0,1.0,201.0,0.0,201000000.0,1.0,2.0
4763,8.0,1000000.0,8.0,1.0,200.0,0.0,200000000.0,1.0,1.0
4764,8.0,1000000.0,8.0,1.0,200.0,0.0,200000000.0,1.0,1.0
4765,8.0,1000000.0,8.0,1.0,200.0,0.0,200000000.0,1.0,1.0
4766,8.0,1000000.0,8.0,1.0,200.0,0.0,200000000.0,1.0,1.0
4767,8.0,1000000.0,8.0,1.0,200.0,0.0,200000000.0,1.0,1.0
4768,8.0,1000000.0,8.0,1.0,200.0,0.0,200000000.0,1.0,1.0
4769,8.0,1000000.0,8.0,1.0,200.0,0.0,200000000.0,1.0,1.0
4770,8.0,1000000.0,8.0,1.0,200.0,0.0,200000000.0,1.0,1.0
4771,8.0,1000000.0,8.0,1.0,200.0,0.0,200000000.0,1.0,1.0
4772,8.0,1000000.0,8.0,1.0,200.0,0.0,200000000.0,1.0,1.0
4773,8.0,1000000.0,8.0,1.0,200.0,0.0,200000000.0,1.0,1.0
4774,7.990049751243781,1000000.0,8.0,1.0,201.0,0.0,201000000.0,1.0,2.0
4775,8.0,1000000.0,8.0,1.0,200.0,0.0,200000000.0,1.0,1.0
4776,8.0,1000000.0,8.0,1.0,200.0,0.0,200000000.0,1.0,1.0
4777,8.0,1000000.0,8.0,1.0,200.0,0.0,200000000.0,1.0,1.0
4778,8.0,1000000.0,8.0,1.0,200.0,0.0,200000000.0,1.0,1.0
4779,8.0,1000000.0,8.0,1.0,200.0,0.0,200000000.0,1.0,1.0
4780,8.0,1000000.0,8.0,1.0,200.0,0.0,200000000.0,1.0,1.0
4781,8.0,1000000.0,8.0,1.0,200.0,0.0,200000000.0,1.0,1.0
4782,8.0,1000000.0,8.0,1.0,200.0,0.0,200000000.0,1.0,1.0
4783,8.0,1000000.0,8.0,1.0,200.0,0.0,200000000.0,1.0,1.0
4784,8.0,1000000.0,8.0,1.0,200.0,0.0,200000000.0,1.0,1.0
4785,8.0,1000000.0,8.0,1.0,200.0,0.0,200000000.0,1.0,1.0
4786,7.990049751243781,1000000.0,8.0,1.0,201.0,0.0,201000000.0,1.0,2.0
4787,8.0,1000000.0,8.0,1.0,200.0,0.0,200000000.0,1.0,1.0
4788,8.0,1000000.0,8.0,1.0,200.0,0.0,200000000.0,1.0,1.0
4789,8.0,1000000.0,8.0,1.0,200.0,0.0,200000000.0,1.0,1.0
4790,8.0,1000000.0,8.0,1.0,200.0,0.0,200000000.0,1.0,1.0
4791,8.0,1000000.0,8.0,1.0,200.0,0.0,200000000.0,1.0,1.0
4792,8.0,1000000.0,8.0,1.0,200.0,0.0,200000000.0,1.0,1.0
4793,8.0,1000000.0,8.0,1.0,200.0,0.0,200000000.0,1.0,1.0
4794,8.0,1000000.0,8.0,1.0,200.0,0.0,200000000.0,1.0,1.0
4795,8.0,1000000.0,8.0,1.0,200.0,0.0,200000000.0,1.0,1.0
4796,8.0,1000000.0,8.0,1.0,200.0,0.0,200000000.0,1.0,1.0
4797,8.0,1000000.0,8.0,1.0,200.0,0.0,200000000.0,1.0,1.0
4798,8.0,1000000.0,8.0,1.0,200.0,0.0,200000000.0,1.0,1.0
4799,8.85,1000000.0,10.0,1.0,200.0,0.0,200000000.0,1.0,1.0
4800,9.0,1000000.0,9.0,1.0,200.0,0.0,200000000.0,1.0,1.0
4801,9.0,1000000.0,9.0,1.0,200.0,0.0,200000000.0,1.0,1.0
4802,9.0,1000000.0,9.0,1.0,200.0,0.0,200000000.0,1.0,1.0
4803,9.0,1000000.0,9.0,1.0,200.0,0.0,200000000.0,1.0,1.0
4804,9.21,1000000.0,11.0,1.0,200.0,0.0,200000000.0,1.0,1.0
4805,11.0,1000000.0,11.0,1.0,200.0,0.0,200000000.0,1.0,1.0
4806,11.0,1000000.0,11.0,1.0,200.0,0.0,200000000.0,1.0,1.0
4807,11.0,1000000.0,11.0,1.0,200.0,0.0,200000000.0,1.0,1.0
4808,11.0,1000000.0,11.0,1.0,200.0,0.0,200000000.0,1.0,1.0
4809,11.0,1000000.0,11.0,1.0,200.0,0.0,200000000.0,1.0,1.0
4810,11.0,1000000.0,11.0,1.0,200.0,0.0,200000000.0,1.0,1.0
4811,11.0,1000000.0,11.0,1.0,200.0,0.0,200000000.0,1.0,1.0
4812,11.0,1000000.0,11.0,1.0,200.0,0.0,200000000.0,1.0,1.0
4813,11.0,1000000.0,11.0,1.0,200.0,0.0,200000000.0,1.0,1.0
4814,11.0,1000000.0,11.0,1.0,200.0,0.0,200000000.0,1.0,1.0
4815,11.0,1000000.0,11.0,1.0,200.0,0.0,200000000.0,1.0,1.0
4816,11.0,1000000.0,11.0,1.0,200.0,0.0,200000000.0,1.0,1.0
4817,11.0,1000000.0,11.0,1.0,200.0,0.0,200000000.0,1.0,1.0
4818,11.0,1000000.0,11.0,1.0,200.0,0.0,200000000.0,1.0,1.0
4819,11.0,1000000.0,11.0,1.0,200.0,0.0,200000000.0,1.0,1.0
4820,11.0,1000000.0,11.0,1.0,200.0,0.0,200000000.0,1.0,1.0
4821,11.0,1000000.0,11.0,1.0,200.0,0.0,200000000.0,1.0,1.0
4822,11.0,1000000.0,11.0,1.0,200.0,0.0,200000000.0,1.0,1.0
4823,11.0,1000000.0,11.0,1.0,200.0,0.0,200000000.0,1.0,1.0
4824,8.605,1000000.0,11.0,1.0,200.0,0.0,200000000.0,1.0,1.0
4825,9.0,1000000.0,9.0,1.0,200.0,0.0,200000000.0,1.0,1.0
4826,9.0,1000000.0,9.0,1.0,200.0,0.0,200000000.0,1.0,1.0
4827,9.0,1000000.0,9.0,1.0,200.0,0.0,200000000.0,1.0,1.0
4828,9.0,1000000.0,9.0,1.0,200.0,0.0,200000000.0,1.0,1.0
4829,9.0,1000000.0,9.0,1.0,200.0,0.0,200000000.0,1.0,1.0
4830,9.0,1000000.0,9.0,1.0,200.0,0.0,200000000.0,1.0,1.0
4831,9.0,1000000.0,9.0,1.0,200.0,0.0,200000000.0,1.0,1.0
4832,9.0,1000000.0,9.0,1.0,200.0,0.0,200000000.0,1.0,1.0
4833,8.980099502487562,1000000.0,9.0,1.0,201.0,0.0,201000000.0,1.0,2.0
4834,9.0,1000000.0,9.0,1.0,200.0,0.0,200000000.0,1.0,1.0
4835,9.0,1000000.0,9.0,1.0,200.0,0.0,200000000.0,1.0,1.0
4836,9.0,1000000.0,9.0,1.0,200.0,0.0,200000000.0,1.0,1.0
4837,9.0,1000000.0,9.0,1.0,200.0,0.0,200000000.0,1.0,1.0
4838,9.0,1000000.0,9.0,1.0,200.0,0.0,200000000.0,1.0,1.0
4839,9.0,1000000.0,9.0,1.0,200.0,0.0,200000000.0,1.0,1.0
4840,9.0,1000000.0,9.0,1.0,200.0,0.0,200000000.0,1.0,1.0
4841,9.0,1000000.0,9.0,1.0,200.0,0.0,200000000.0,1.0,1.0
4842,9.0,1000000.0,9.0,1.0,200.0,0.0,200000000.0,1.0,1.0
4843,9.0,1000000.0,9.0,1.0,200.0,0.0,200000000.0,1.0,1.0
4844,9.0,1000000.0,9.0,1.0,200.0,0.0,200000000.0,1.0,1.0
4845,9.0,1000000.0,9.0,1.0,200.0,0.0,200000000.0,1.0,1.0
4846,8.975124378109452,1000000.0,9.0,1.0,201.0,0.0,201000000.0,1.0,2.0
4847,9.0,1000000.0,9.0,1.0,200.0,0.0,200000000.0,1.0,1.0
4848,9.0,1000000.0,9.0,1.0,200.0,0.0,200000000.0,1.0,1.0
4849,9.0,1000000.0,9.0,1.0,200.0,0.0,200000000.0,1.0,1.0
4850,9.0,1000000.0,9.0,1.0,200.0,0.0,200000000.0,1.0,1.0
4851,9.0,1000000.0,9.0,1.0,200.0,0.0,200000000.0,1.0,1.0
4852,9.0,1000000.0,9.0,1.0,200.0,0.0,200000000.0,1.0,1.0
4853,9.0,1000000.0,9.0,1.0,200.0,0.0,200000000.0,1.0,1.0
4854,9.0,1000000.0,9.0,1.0,200.0,0.0,200000000.0,1.0,1.0
4855,9.0,1000000.0,9.0,1.0,200.0,0.0,200000000.0,1.0,1.0
4856,9.0,1000000.0,9.0,1.0,200.0,0.0,200000000.0,1.0,1.0
4857,9.0,1000000.0,9.0,1.0,200.0,0.0,200000000.0,1.0,1.0
4858,9.0,1000000.0,9.0,1.0,200.0,0.0,200000000.0,1.0,1.0
4859,9.0,1000000.0,9.0,1.0,200.0,0.0,200000000.0,1.0,1.0
4860,9.0,1000000.0,9.0,1.0,200.0,0.0,200000000.0,1.0,1.0
4861,9.0,1000000.0,9.0,1.0,200.0,0.0,200000000.0,1.0,1.0
4862,9.0,1000000.0,9.0,1.0,200.0,0.0,200000000.0,1.0,1.0
4863,9.0,1000000.0,9.0,1.0,200.0,0.0,200000000.0,1.0,1.0
4864,8.99502487562189,1000000.0,9.0,1.0,201.0,0.0,201000000.0,1.0,2.0
4865,9.0,1000000.0,9.0,1.0,200.0,0.0,200000000.0,1.0,1.0
4866,9.0,1000000.0,9.0,1.0,200.0,0.0,200000000.0,1.0,1.0
4867,9.0,1000000.0,9.0,1.0,200.0,0.0,200000000.0,1.0,1.0
4868,9.0,1000000.0,9.0,1.0,200.0,0.0,200000000.0,1.0,1.0
4869,9.0,1000000.0,9.0,1.0,200.0,0.0,200000000.0,1.0,1.0
4870,9.0,1000000.0,9.0,1.0,200.0,0.0,200000000.0,1.0,1.0
4871,9.0,1000000.0,9.0,1.0,200.0,0.0,200000000.0,1.0,1.0
4872,9.0,1000000.0,9.0,1.0,200.0,0.0,200000000.0,1.0,1.0
4873,9.00497512437811,1000000.0,10.0,1.0,201.0,0.0,201000000.0,1.0,2.0
4874,9.0,1000000.0,9.0,1.0,200.0,0.0,200000000.0,1.0,1.0
4875,9.255,1000000.0,11.0,1.0,200.0,0.0,200000000.0,1.0,1.0
4876,9.0,1000000.0,9.0,1.0,200.0,0.0,200000000.0,1.0,1.0
4877,9.0,1000000.0,9.0,1.0,200.0,0.0,200000000.0,1.0,1.0
4878,8.92,1000000.0,11.0,1.0,200.0,0.0,200000000.0,1.0,1.0
4879,8.517412935323383,1000000.0,10.0,1.0,201.0,0.0,201000000.0,1.0,2.0
4880,10.170854271356784,1000000.0,11.0,1.0,199.0,0.0,199000000.0,1.0,1.0
4881,9.155,1000000.0,10.0,1.0,200.0,0.0,200000000.0,1.0,1.0
4882,9.635,1000000.0,10.0,1.0,200.0,0.0,200000000.0,1.0,1.0
4883,9.432835820895525,1000000.0,11.0,1.0,201.0,0.0,201000000.0,1.0,2.0
4884,9.417910447761194,1000000.0,11.0,1.0,201.0,0.0,201000000.0,1.0,2.0
4885,9.995,1000000.0,11.0,1.0,200.0,0.0,200000000.0,1.0,1.0
4886,8.555,1000000.0,10.0,1.0,200.0,0.0,200000000.0,1.0,1.0
4887,10.91,1000000.0,11.0,1.0,200.0,0.0,200000000.0,1.0,1.0
4888,11.0,1000000.0,11.0,1.0,200.0,0.0,200000000.0,1.0,1.0
4889,11.0,1000000.0,11.0,1.0,200.0,0.0,200000000.0,1.0,1.0
4890,11.0,1000000.0,11.0,1.0,200.0,0.0,200000000.0,1.0,1.0
4891,11.0,1000000.0,11.0,1.0,200.0,0.0,200000000.0,1.0,1.0
4892,11.0,1000000.0,11.0,1.0,200.0,0.0,200000000.0,1.0,1.0
4893,11.0,1000000.0,11.0,1.0,200.0,0.0,200000000.0,1.0,1.0
4894,11.0,1000000.0,11.0,1.0,200.0,0.0,200000000.0,1.0,1.0
4895,10.99502487562189,1000000.0,11.0,1.0,201.0,0.0,201000000.0,1.0,2.0
4896,11.0,1000000.0,11.0,1.0,200.0,0.0,200000000.0,1.0,1.0
4897,11.0,1000000.0,11.0,1.0,200.0,0.0,200000000.0,1.0,1.0
4898,10.965174129353231,1000000.0,11.0,1.0,201.0,0.0,201000000.0,1.0,2.0
4899,11.0,1000000.0,11.0,1.0,200.0,0.0,200000000.0,1.0,1.0
4900,11.0,1000000.0,11.0,1.0,200.0,0.0,200000000.0,1.0,1.0
4901,11.0,1000000.0,11.0,1.0,200.0,0.0,200000000.0,1.0,1.0
4902,11.0,1000000.0,11.0,1.0,200.0,0.0,200000000.0,1.0,1.0
4903,11.0,1000000.0,11.0,1.0,200.0,0.0,200000000.0,1.0,1.0
4904,11.0,1000000.0,11.0,1.0,200.0,0.0,200000000.0,1.0,1.0
4905,11.0,1000000.0,11.0,1.0,200.0,0.0,200000000.0,1.0,1.0
4906,11.0,1000000.0,11.0,1.0,200.0,0.0,200000000.0,1.0,1.0
4907,11.0,1000000.0,11.0,1.0,200.0,0.0,200000000.0,1.0,1.0
4908,11.0,1000000.0,11.0,1.0,200.0,0.0,200000000.0,1.0,1.0
4909,11.0,1000000.0,11.0,1.0,200.0,0.0,200000000.0,1.0,1.0
4910,11.0,1000000.0,11.0,1.0,200.0,0.0,200000000.0,1.0,1.0
4911,11.0,1000000.0,11.0,1.0,200.0,0.0,200000000.0,1.0,1.0
4912,11.0,1000000.0,11.0,1.0,200.0,0.0,200000000.0,1.0,1.0
4913,11.0,1000000.0,11.0,1.0,200.0,0.0,200000000.0,1.0,1.0
4914,11.0,1000000.0,11.0,1.0,200.0,0.0,200000000.0,1.0,1.0
4915,11.0,1000000.0,11.0,1.0,200.0,0.0,200000000.0,1.0,1.0
4916,11.0,1000000.0,11.0,1.0,200.0,0.0,200000000.0,1.0,1.0
4917,10.975124378109452,1000000.0,11.0,1.0,201.0,0.0,201000000.0,1.0,2.0
4918,11.0,1000000.0,11.0,1.0,200.0,0.0,200000000.0,1.0,1.0
4919,11.0,1000000.0,11.0,1.0,200.0,0.0,200000000.0,1.0,1.0
4920,11.0,1000000.0,11.0,1.0,200.0,0.0,200000000.0,1.0,1.0
4921,11.0,1000000.0,11.0,1.0,200.0,0.0,200000000.0,1.0,1.0
4922,11.0,1000000.0,11.0,1.0,200.0,0.0,200000000.0,1.0,1.0
4923,11.0,1000000.0,11.0,1.0,200.0,0.0,200000000.0,1.0,1.0
4924,11.0,1000000.0,11.0,1.0,200.0,0.0,200000000.0,1.0,1.0
4925,11.0,1000000.0,11.0,1.0,200.0,0.0,200000000.0,1.0,1.0
4926,11.0,1000000.0,11.0,1.0,200.0,0.0,200000000.0,1.0,1.0
4927,11.0,1000000.0,11.0,1.0,200.0,0.0,200000000.0,1.0,1.0
4928,11.0,1000000.0,11.0,1.0,200.0,0.0,200000000.0,1.0,1.0
4929,11.0,1000000.0,11.0,1.0,200.0,0.0,200000000.0,1.0,1.0
4930,11.0,1000000.0,11.0,1.0,200.0,0.0,200000000.0,1.0,1.0
4931,11.0,1000000.0,11.0,1.0,200.0,0.0,200000000.0,1.0,1.0
4932,11.0,1000000.0,11.0,1.0,200.0,0.0,200000000.0,1.0,1.0
4933,11.0,1000000.0,11.0,1.0,200.0,0.0,200000000.0,1.0,1.0
4934,11.0,1000000.0,11.0,1.0,200.0,0.0,200000000.0,1.0,1.0
4935,11.0,1000000.0,11.0,1.0,200.0,0.0,200000000.0,1.0,1.0
4936,11.0,1000000.0,11.0,1.0,200.0,0.0,200000000.0,1.0,1.0
4937,11.0,1000000.0,11.0,1.0,200.0,0.0,200000000.0,1.0,1.0
4938,10.99004975124378,1000000.0,11.0,1.0,201.0,0.0,201000000.0,1.0,2.0
4939,11.0,1000000.0,11.0,1.0,200.0,0.0,200000000.0,1.0,1.0
4940,11.0,1000000.0,11.0,1.0,200.0,0.0,200000000.0,1.0,1.0
4941,11.0,1000000.0,11.0,1.0,200.0,0.0,200000000.0,1.0,1.0
4942,11.0,1000000.0,11.0,1.0,200.0,0.0,200000000.0,1.0,1.0
4943,11.0,1000000.0,11.0,1.0,200.0,0.0,200000000.0,1.0,1.0
4944,11.0,1000000.0,11.0,1.0,200.0,0.0,200000000.0,1.0,1.0
4945,11.0,1000000.0,11.0,1.0,200.0,0.0,200000000.0,1.0,1.0
4946,11.0,1000000.0,11.0,1.0,200.0,0.0,200000000.0,1.0,1.0
4947,11.0,1000000.0,11.0,1.0,200.0,0.0,200000000.0,1.0,1.0
4948,11.0,1000000.0,11.0,1.0,200.0,0.0,200000000.0,1.0,1.0
4949,11.0,1000000.0,11.0,1.0,200.0,0.0,200000000.0,1.0,1.0
4950,11.0,1000000.0,11.0,1.0,200.0,0.0,200000000.0,1.0,1.0
4951,9.665,1000000.0,11.0,1.0,200.0,0.0,200000000.0,1.0,1.0
4952,8.0,1000000.0,8.0,1.0,200.0,0.0,200000000.0,1.0,1.0
4953,8.0,1000000.0,8.0,1.0,200.0,0.0,200000000.0,1.0,1.0
4954,8.0,1000000.0,8.0,1.0,200.0,0.0,200000000.0,1.0,1.0
4955,8.0,1000000.0,8.0,1.0,200.0,0.0,200000000.0,1.0,1.0
4956,8.0,1000000.0,8.0,1.0,200.0,0.0,200000000.0,1.0,1.0
4957,8.0,1000000.0,8.0,1.0,200.0,0.0,200000000.0,1.0,1.0
4958,8.0,1000000.0,8.0,1.0,200.0,0.0,200000000.0,1.0,1.0
4959,8.0,1000000.0,8.0,1.0,200.0,0.0,200000000.0,1.0,1.0
4960,8.0,1000000.0,8.0,1.0,200.0,0.0,200000000.0,1.0,1.0
4961,8.00497512437811,1000000.0,9.0,1.0,201.0,0.0,201000000.0,1.0,2.0
4962,8.0,1000000.0,8.0,1.0,200.0,0.0,200000000.0,1.0,1.0
4963,8.0,1000000.0,8.0,1.0,200.0,0.0,200000000.0,1.0,1.0
4964,8.0,1000000.0,8.0,1.0,200.0,0.0,200000000.0,1.0,1.0
4965,8.0,1000000.0,8.0,1.0,200.0,0.0,200000000.0,1.0,1.0
4966,8.0,1000000.0,8.0,1.0,200.0,0.0,200000000.0,1.0,1.0
4967,8.0,1000000.0,8.0,1.0,200.0,0.0,200000000.0,1.0,1.0
4968,8.0,1000000.0,8.0,1.0,200.0,0.0,200000000.0,1.0,1.0
4969,8.0,1000000.0,8.0,1.0,200.0,0.0,200000000.0,1.0,1.0
4970,8.0,1000000.0,8.0,1.0,200.0,0.0,200000000.0,1.0,1.0
4971,8.0,1000000.0,8.0,1.0,200.0,0.0,200000000.0,1.0,1.0
4972,8.0,1000000.0,8.0,1.0,200.0,0.0,200000000.0,1.0,1.0
4973,8.0,1000000.0,8.0,1.0,200.0,0.0,200000000.0,1.0,1.0
4974,8.0,1000000.0,8.0,1.0,200.0,0.0,200000000.0,1.0,1.0
4975,8.0,1000000.0,8.0,1.0,200.0,0.0,200000000.0,1.0,1.0
4976,8.0,1000000.0,8.0,1.0,200.0,0.0,200000000.0,1.0,1.0
4977,8.0,1000000.0,8.0,1.0,200.0,0.0,200000000.0,1.0,1.0
4978,8.0,1000000.0,8.0,1.0,200.0,0.0,200000000.0,1.0,1.0
4979,8.0,1000000.0,8.0,1.0,200.0,0.0,200000000.0,1.0,1.0
4980,8.0,1000000.0,8.0,1.0,200.0,0.0,200000000.0,1.0,1.0
4981,8.0,1000000.0,8.0,1.0,200.0,0.0,200000000.0,1.0,1.0
4982,8.0,1000000.0,8.0,1.0,200.0,0.0,200000000.0,1.0,1.0
4983,8.0,1000000.0,8.0,1.0,200.0,0.0,200000000.0,1.0,1.0
4984,8.0,1000000.0,8.0,1.0,200.0,0.0,200000000.0,1.0,1.0
4985,8.0,1000000.0,8.0,1.0,200.0,0.0,200000000.0,1.0,1.0
4986,8.0,1000000.0,8.0,1.0,200.0,0.0,200000000.0,1.0,1.0
4987,8.0,1000000.0,8.0,1.0,199.0,0.0,199000000.0,1.0,1.0
4988,8.0,1000000.0,8.0,1.0,201.0,0.0,201000000.0,1.0,1.0
4989,8.0,1000000.0,8.0,1.0,200.0,0.0,200000000.0,1.0,1.0
4990,8.0,1000000.0,8.0,1.0,199.0,0.0,199000000.0,1.0,1.0
4991,8.0,1000000.0,8.0,1.0,201.0,0.0,201000000.0,1.0,1.0
4992,8.0,1000000.0,8.0,1.0,200.0,0.0,200000000.0,1.0,1.0
4993,8.0,1000000.0,8.0,1.0,200.0,0.0,200000000.0,1.0,1.0
4994,8.0,1000000.0,8.0,1.0,200.0,0.0,200000000.0,1.0,1.0
4995,8.0,1000000.0,8.0,1.0,200.0,0.0,200000000.0,1.0,1.0
4996,8.0,1000000.0,8.0,1.0,200.0,0.0,200000000.0,1.0,1.0
4997,8.0,1000000.0,8.0,1.0,200.0,0.0,200000000.0,1.0,1.0
4998,8.0,1000000.0,8.0,1.0,200.0,0.0,200000000.0,1.0,1.0
4999,8.0,1000000.0,8.0,1.0,200.0,0.0,200000000.0,1.0,1.0
